1	60.4617446754	55.9407990044
2	60.4508582535	55.8964845664
3	60.4400023074	55.8521684086
4	60.4291767211	55.8078505362
5	60.3504660139	55.8139136482
6	60.3397575551	55.7695840457
7	60.3290789947	55.7252527614
8	60.2505120348	55.7312460524
9	60.2399497929	55.6869031944
10	60.2294169929	55.6425586869
11	60.2189135234	55.5982125349
12	60.1405762518	55.6041265956
13	60.1301879569	55.5597690515
14	60.1198285430	55.5154098944
15	60.1094979013	55.4710491290
16	60.0313891434	55.4768845883
17	59.9532519478	55.4826705998
18	59.9431208351	55.4382890907
19	59.9330178246	55.3939060252
20	59.9229428105	55.3495214078
21	59.8450334994	55.3552296386
22	59.8350712879	55.3108340843
23	59.8251366379	55.2664370078
24	59.9028763521	55.2607475356
25	59.8928846992	55.2163582899
26	59.8829206256	55.1719675103
27	59.7954970270	55.1332366897
28	59.7856715957	55.0888335688
29	59.7082413346	55.0944369484
30	59.6888386439	55.0056078512
31	59.6791772921	54.9611910930
32	59.6695424707	54.9167728674
33	59.5924191368	54.9222910596
34	59.5828936360	54.8778623378
35	59.5733942506	54.8334321765
36	59.5639208839	54.7890005796
37	59.4776545241	54.7500014507
38	59.4683150208	54.7055581165
39	59.4590010331	54.6611133779
40	59.4497124670	54.6166672389
41	59.4404492290	54.5722197034
42	59.5076217261	54.5223810781
43	59.4219983655	54.4833204583
44	59.4798157178	54.3890522709
45	59.4705973277	54.3446065381
46	59.4614039245	54.3001594131
47	59.4522354171	54.2557108998
48	59.3763079906	54.2610481751
49	59.3672440658	54.2165896052
50	59.4430917148	54.2112610021
51	59.4339727275	54.1668097236
52	59.4248783654	54.1223570681
53	59.5005425463	54.1169985328
54	59.5761819841	54.1115928105
55	59.5669541145	54.0671562394
56	59.5577511026	54.0227182622
57	59.5485728585	53.9782788826
58	59.6239513003	53.9728524723
59	59.6147194597	53.9284204788
60	59.6055124111	53.8839870721
61	59.6714496740	53.8341054692
62	59.7372316617	53.7841934987
63	59.8122240358	53.7786624134
64	59.8871912842	53.7730848299
65	59.9621332082	53.7674607835
66	60.0370496093	53.7617903095
67	60.0466714797	53.8061726202
68	60.1313641147	53.8448180492
69	60.1411151355	53.8891880421
70	60.2162113235	53.8833968269
71	60.2813755075	53.8332078561
72	60.2714964008	53.7888550568
73	60.3364560338	53.7386448578
74	60.2518173071	53.7001447348
75	60.2420171321	53.6557872211
76	60.1576338080	53.6172096497
77	60.1479618544	53.5728397084
78	60.2224950582	53.5670675104
79	60.2127729740	53.5227053221
80	60.2774326283	53.4725420897
81	60.2676867462	53.4281861275
82	60.1934062505	53.4339763014
83	60.1837614285	53.3896094775
84	60.1741421783	53.3452411171
85	60.1645484098	53.3008712243
86	60.1549800331	53.2564998035
87	60.1454369586	53.2121268587
88	60.0620618590	53.1734416842
89	60.0526432801	53.1290565859
90	59.9881796830	53.1790855817
91	59.9695156769	53.0902958144
92	60.0245362881	52.9958923500
93	59.9417037602	52.9571001443
94	59.9324818693	52.9126986652
95	59.8590181244	52.9182435416
96	59.9232842105	52.8682957313
97	59.9966505957	52.8627147877
98	59.9874041425	52.8183193242
99	60.0513784574	52.7683145129
100	60.0421079232	52.7239250785
101	59.9598099299	52.6851241610
102	59.9506599615	52.6407228621
103	59.8686024284	52.6018477980
104	59.8595720506	52.5574347900
105	59.8505652399	52.5130203582
106	59.8415819149	52.4686045062
107	59.9142983868	52.4631032143
108	59.9052671569	52.4186947085
109	59.9778888157	52.4131579655
110	59.9688100382	52.3687568432
111	60.0413370464	52.3631848012
112	60.1138402772	52.3575686802
113	60.1046435970	52.3131839102
114	60.1678089842	52.2631554807
115	60.1585896873	52.2187767295
116	60.1493942729	52.1743964939
117	60.0771964558	52.1800207677
118	60.0590166313	52.0912380181
119	60.0499619581	52.0468444586
120	60.0409306709	52.0024494477
121	59.9600495552	51.9635893506
122	59.9511339465	51.9191826724
123	60.0139763322	51.8692557449
124	60.1483010772	51.8137051100
125	60.4345462982	51.7908875652
126	60.1655217112	51.5417894559
127	60.0943328557	51.5473758766
128	60.0765271857	51.4585878756
129	60.0588123599	51.3697941298
130	59.9791128094	51.3308951386
131	60.0411877723	51.2809946691
132	60.1031296755	51.2310677838
133	60.1649389935	51.1811146628
134	60.1560728477	51.1367274082
135	60.0855069858	51.1422771991
136	60.0149187750	51.1477848265
137	59.9443083766	51.1532502588
138	59.8650961624	51.1142502069
139	59.7154722830	51.0805114291
140	59.7775455421	51.0307551313
141	59.8480018818	51.0253995712
142	59.9098563503	50.9755830712
143	59.9715798714	50.9257402604
144	60.0331729078	50.8758713172
145	60.0245276654	50.8314653980
146	60.0159042593	50.7870580773
147	60.0073026178	50.7426493585
148	59.8503993593	50.6646124916
149	59.8419910221	50.6201826717
150	59.8336038544	50.5757514992
151	59.7555158600	50.5366240219
152	59.7472346811	50.4921818313
153	59.6693592012	50.4529854900
154	59.5916111733	50.4137301620
155	59.4524062045	50.4240019204
156	59.3748725730	50.3845892730
157	59.3669914228	50.3401014249
158	59.3591300434	50.2956123365
159	59.3512883707	50.2511220111
160	59.3434663406	50.2066304514
161	59.3970707496	50.1126251153
162	59.3892446132	50.0681377316
163	59.3814380176	50.0236491111
164	59.3736508999	49.9791592566
165	59.2969431083	49.9396553384
166	59.3581348472	49.8901758578
167	59.3504057876	49.8456823192
168	59.2739415711	49.8061513554
169	59.2663125102	49.7616476132
170	59.1213832100	49.7269182522
171	59.1139147987	49.6823968242
172	59.0452887126	49.6872165177
173	59.0379001814	49.6426863843
174	59.0231780624	49.5536226605
175	58.9547173345	49.5583796318
176	58.9474445858	49.5138386125
177	58.8790268009	49.5185480299
178	58.8718329315	49.4739985189
179	58.8646568709	49.4294478914
180	58.8574985627	49.3848961501
181	58.8503579504	49.3403432973
182	58.7751024835	49.3004222463
183	58.7680572899	49.2558599447
184	58.6999676066	49.2604458178
185	58.7610294802	49.2112965518
186	58.7540189993	49.1667320702
187	58.8149183710	49.1175624486
188	58.8078827636	49.0730029791
189	58.8008644642	49.0284424153
190	58.7868795718	48.9393180146
191	58.7799128706	48.8947541825
192	58.7729632609	48.8501892657
193	58.7660306893	48.8056232666
194	58.6985524720	48.8101773072
195	58.6242591369	48.7701109384
196	58.6174775161	48.7255286767
197	58.5500830802	48.7299903539
198	58.5433765152	48.6854000907
199	58.5366863593	48.6408087911
200	58.5300125612	48.5962164574
201	58.5233550701	48.5516230917
202	58.5167138353	48.5070286963
203	58.5100888063	48.4624332733
204	58.5034799328	48.4178368249
205	58.4364756702	48.4222113859
206	58.4299404413	48.3776071063
207	58.4234211314	48.3330018172
208	58.4169176912	48.2883955209
209	58.4104300719	48.2437882194
210	58.4039582245	48.1991799149
211	58.3975021005	48.1545706094
212	58.3910616515	48.1099603049
213	58.3846368293	48.0653490036
214	58.4447188820	48.0164230005
215	58.4318344266	47.9272088288
216	58.4254155760	47.8826002419
217	58.4190122466	47.8379906571
218	58.3464133872	47.7976603766
219	58.2801870878	47.8019027602
220	58.2739260304	47.7572779484
221	58.2676800903	47.7126521671
222	58.3337951032	47.7084229519
223	58.3275087878	47.6638027707
224	58.3935531977	47.6595423796
225	58.3872267684	47.6149278358
226	58.3809155791	47.5703123063
227	58.3746195839	47.5256957932
228	58.3025146289	47.4853122992
229	58.2963036363	47.4406872546
230	58.3620729915	47.4364598237
231	58.3558223030	47.3918403714
232	58.3495866258	47.3472199433
233	58.2777600474	47.3068063279
234	58.2716084979	47.2621774278
235	58.3309692102	47.2133528244
236	58.2593496022	47.1729167523
237	58.1878378861	47.1324296669
238	58.1164338968	47.0918917505
239	58.1104630014	47.0472452977
240	58.1045063847	47.0025979163
241	58.0985640041	46.9579496081
242	58.0867217814	46.8686502187
243	58.0216099509	46.8726829952
244	57.9506904784	46.8320154627
245	57.8798772340	46.7912979577
246	57.8148301729	46.7952081664
247	57.7553900799	46.8437642900
248	57.6902628890	46.8476069783
249	57.6196083054	46.8067183279
250	57.6141073908	46.7620229672
251	57.6736007799	46.7135385836
252	57.7329883631	46.6650285053
253	57.7922704661	46.6164928920
254	57.7866640650	46.5718118915
255	57.8458019697	46.5232560481
256	57.7754912162	46.4824472836
257	57.8345512824	46.4339017064
258	57.8822328733	46.2959834962
259	58.0525202716	46.1054943541
260	58.2392046706	46.0487469957
261	58.4254733612	45.9917154592
262	58.4194791084	45.9470911761
263	58.4015809060	45.8132125963
264	58.3779124170	45.6346945222
265	58.3661613549	45.5454298180
266	58.2852582247	45.4156080038
267	58.2104470672	45.3303561890
268	58.2047580889	45.2857052194
269	58.1246573400	45.1557222308
270	58.0449524045	45.0256597971
271	57.9710665341	44.9401959178
272	57.9548240328	44.8061615769
273	58.0013063035	44.6682793394
274	57.9280040349	44.5827537623
275	57.6101440805	44.5566720306
276	57.4175443958	44.5226950198
277	57.2299203445	44.5331257223
278	57.1094819763	44.5846664483
279	56.8543744771	44.5530670838
280	56.7247027903	44.5146528916
281	56.5326161630	44.4791397363
282	56.2822220884	44.4910296337
283	56.0943269727	44.4995882006
284	56.0239613418	44.4126917794
285	55.9500330018	44.2808947636
286	55.6307314241	44.2042928776
287	55.3778377134	44.1692725055
288	55.1780423294	43.9967160728
289	54.9232811011	43.9157347086
290	54.7932960637	43.8301009687
291	54.8409495244	43.6034310466
292	55.0790464325	43.4601244990
293	55.1315159169	43.3231903960
294	55.1163615546	43.0986554360
295	55.0344589584	42.7864526097
296	54.7768336377	42.5701528983
297	54.5790426303	42.3063787755
298	54.3853433334	42.0871478418
299	54.4359941821	41.9055415214
300	54.3687263604	41.7724591306
301	54.4192356660	41.5908593888
302	54.4742948376	41.4991530802
303	54.6536573491	41.4935881304
304	54.8303187735	41.4428075362
305	55.4302658661	41.4662526152
306	55.6625576927	41.3670140990
307	55.9638163517	41.3994015593
308	56.0829800701	41.3941858810
309	56.3770463149	41.3357698779
310	56.6149493035	41.3243749419
311	56.9161971925	41.3542423803
312	57.2133507061	41.3385248082
313	57.5057953641	41.2772977378
314	57.7337602063	41.1741334939
315	58.0790955748	41.0633375835
316	58.2219303995	40.7394882622
317	58.5539525397	40.5381771433
318	58.9369598445	40.2874573326
319	59.2590618580	40.0399124455
320	59.4219789112	39.9381708011
321	59.6477983665	39.8764633696
322	59.8039727299	39.7297540376
323	59.9594955320	39.5829059398
324	59.9080100356	39.1823523903
325	59.8519945167	38.7371952004
326	59.6895321951	38.3449686722
327	59.5343966910	37.9968788864
328	59.5136769899	37.8186144323
329	59.5543343240	37.6808216226
330	59.5389175560	37.5471245970
331	59.5286961649	37.4579885744
332	59.4677202207	37.4174647697
333	59.4068090593	37.3769010683
334	59.3968063124	37.2877318357
335	59.3918214347	37.2431458560
336	59.3311044951	37.2025205447
337	59.3212534852	37.1133313494
338	59.3163442221	37.0687354096
339	59.3114457539	37.0241385772
340	59.3621415246	36.9756109991
341	59.3065580560	36.9795408540
342	59.2509638415	36.9834450310
343	59.1953589495	36.9873235144
344	59.1397434484	36.9911762887
345	59.0841174066	36.9950033383
346	59.0888777631	37.0396259721
347	59.0332093537	37.0434334073
348	58.9775305169	37.0472150463
349	58.9171767236	37.0063299860
350	58.9125223911	36.9616882582
351	58.8568867711	36.9654062606
352	58.7501436484	37.0174245646
353	58.6944457468	37.0210711169
354	58.6342432431	36.9800205268
355	58.5741046729	36.9389316977
356	58.4627676118	36.9460208546
357	58.3513918788	36.9530067308
358	58.2399780278	36.9598892137
359	58.2442386713	37.0046009406
360	58.1884855276	37.0080088705
361	58.1327230414	37.0113908694
362	58.0769512825	37.0147469234
363	58.0211703207	37.0180770191
364	57.9694892324	37.0661192062
365	57.9136578016	37.0694026398
366	57.9177435489	37.1141452739
367	57.8659330878	37.1621551014
368	57.8100188604	37.1653968831
369	57.8140576665	37.2101485672
370	57.7581019789	37.2133693874
371	57.7021374277	37.2165640032
372	57.6461640837	37.2197324016
373	57.5901820181	37.2228745699
374	57.5341913020	37.2259904952
375	57.4820437397	37.2738616692
376	57.4260031983	37.2769300133
377	57.3699542006	37.2799720347
378	57.3138968181	37.2829877211
379	57.2541104570	37.2411760381
380	57.1980693349	37.2441342435
381	57.1420200619	37.2470661195
382	57.0895848736	37.2947868726
383	57.0334866428	37.2976707019
384	57.0370838895	37.3424899317
385	56.9809447430	37.3453519648
386	56.9845169284	37.3901751734
387	56.8721488838	37.3958289505
388	56.8159531644	37.3986160550
389	56.7597497437	37.4013766217
390	56.7035386943	37.4041106392
391	56.6473200888	37.4068180964
392	56.5944418535	37.4543527212
393	56.5381751049	37.4570113064
394	56.4819010014	37.4596432558
395	56.4223715611	37.4173821017
396	56.3629086310	37.3750854053
397	56.4158970099	37.3276474432
398	56.4720787642	37.3250547157
399	56.4688191698	37.2801906977
400	56.3565146489	37.2853413019
401	56.3533282701	37.2404683878
402	56.2971983946	37.2429998569
403	56.2379481347	37.2006232404
404	56.1818373558	37.2030977662
405	56.1257197572	37.2055458488
406	56.1226790864	37.1606557120
407	56.0665876846	37.1630734287
408	56.0134643908	37.2103626447
409	55.9573267680	37.2127313384
410	55.8982738131	37.1701680166
411	55.7831957535	37.1298520080
412	55.7243011349	37.0871897262
413	55.6682305193	37.0894150811
414	55.6654722367	37.0444932794
415	55.6067089429	37.0017627994
416	55.6039955654	36.9568364134
417	55.6012881969	36.9119095160
418	55.5985868236	36.8669821079
419	55.5400047172	36.8242056911
420	55.4814875519	36.7813956569
421	55.4282136713	36.8284301918
422	55.4308115240	36.8733684736
423	55.3748747958	36.8754448255
424	55.3163996131	36.8325499659
425	55.2604841334	36.8345705595
426	55.2021009664	36.7916129575
427	55.1437827539	36.7486222696
428	55.0879158670	36.7505579147
429	55.0320436819	36.7524674139
430	54.9738445940	36.7093853051
431	54.9715280614	36.6644193840
432	54.9157102718	36.6662705326
433	54.8576405960	36.6231232270
434	54.7996354469	36.5799435184
435	54.7438672513	36.5817106247
436	54.6880942317	36.5834517097
437	54.6323164593	36.5851667665
438	54.5765340053	36.5868557881
439	54.5744580451	36.5418683164
440	54.5723866847	36.4968804032
441	54.5166639825	36.4985379657
442	54.4609367618	36.5001695641
443	54.4052050937	36.5017751916
444	54.3494690491	36.5033548418
445	54.2918224025	36.4599070573
446	54.2379841148	36.5064361849
447	54.1822353672	36.5079378653
448	54.1264825276	36.5094135433
449	54.0689479247	36.4658520461
450	54.0132192760	36.4672733787
451	54.0114775646	36.4222594764
452	54.0097397140	36.3772451623
453	53.9540713232	36.3786359636
454	53.9523692820	36.3336189650
455	53.9506710135	36.2886015579
456	53.9489765090	36.2435837425
457	53.8917410288	36.1999215143
458	53.8361926207	36.2012517739
459	53.8345689957	36.1562287440
460	53.7790486819	36.1575311264
461	53.7235248397	36.1588078050
462	53.6664724287	36.1150290662
463	53.6649506986	36.0699989630
464	53.6094832484	36.0712202050
465	53.6079964053	36.0261877038
466	53.5525571739	36.0273813495
467	53.5511050785	35.9823464972
468	53.4956940805	35.9835126279
469	53.4402799337	35.9846531982
470	53.4388938433	35.9396141681
471	53.3835080208	35.9407273422
472	53.3821563370	35.8956860979
473	53.3808076493	35.8506444710
474	53.3241669408	35.8066847524
475	53.2688690167	35.8077416366
476	53.2675885746	35.7626957244
477	53.2123189522	35.7637255003
478	53.1570465604	35.7647299033
479	53.1017714683	35.7657089294
480	53.1029584532	35.8107598098
481	53.0476495652	35.8117150276
482	53.0488079538	35.8567671096
483	52.9934652583	35.8576984334
484	52.9370241540	35.8135491802
485	52.9381200582	35.8586042850
486	52.8827724228	35.8594846611
487	52.8838394424	35.9045408484
488	52.8849088333	35.9495966694
489	52.8294961122	35.9504543843
490	52.7740810843	35.9512865325
491	52.7186638192	35.9520931109
492	52.6632443867	35.9528741161
493	52.6078228565	35.9536295449
494	52.5523992985	35.9543593944
495	52.4969737823	35.9550636616
496	52.4961242577	35.9099988540
497	52.4407282809	35.9106764204
498	52.3853304897	35.9113284410
499	52.3845455694	35.8662610902
500	52.3837623900	35.8211933857
501	52.3284255166	35.8218177981
502	52.2730869757	35.8224167435
503	52.2723679912	35.7773466712
504	52.2170590866	35.7779192030
505	52.1617486566	35.7784663049
506	52.1064367705	35.7789879750
507	52.0511234976	35.7794842109
508	51.9958089071	35.7799550109
509	51.9963716865	35.8250293854
510	51.9410245977	35.8254754821
511	51.8856763273	35.8258960970
512	51.8307970087	35.8713673370
513	51.7754152564	35.8717375932
514	51.7200325287	35.8720823208
515	51.7204408423	35.9171592630
516	51.6650258079	35.9174789868
517	51.6654035587	35.9625561124
518	51.7208500638	35.9622358620
519	51.7212601951	36.0073121177
520	51.6657821493	36.0076328952
521	51.6106510816	36.0530049406
522	51.5551398079	36.0532748454
523	51.5548236026	36.0081974767
524	51.4993432418	36.0084412784
525	51.4438622497	36.0086594194
526	51.3886020494	36.0539303442
527	51.3888238948	36.0990084487
528	51.3890462336	36.1440862122
529	51.3334691185	36.1442538535
530	51.2778915796	36.1443957051
531	51.2223136875	36.1445117662
532	51.1666402217	36.0995234266
533	51.1110935986	36.0995877998
534	51.0000000000	36.0996392986
535	50.9444531655	36.0996264239
536	50.8889064014	36.0995877998
537	50.8333597783	36.0995234266
538	50.7778133667	36.0994333045
539	50.7222672370	36.0993174338
540	50.6665308815	36.1442538535
541	50.6109537664	36.1440862122
542	50.5548672528	36.2340466488
543	50.4992274689	36.2338267093
544	50.4435883235	36.2335808976
545	50.4432685865	36.2786565541
546	50.3872456966	36.3234592925
547	50.3311586600	36.3682347965
548	50.2754257513	36.3679097804
549	50.2192431824	36.4126313515
550	50.1634800293	36.4122537289
551	50.1072018721	36.4569210287
552	50.0514086986	36.4564906346
553	49.9950348992	36.5011033246
554	49.9392119314	36.5006199947
555	49.8833903297	36.5001105519
556	49.8275701661	36.4995749984
557	49.7724625606	36.4539475932
558	49.7166777805	36.4533607852
559	49.6608946500	36.4527479159
560	49.6616685574	36.4076837810
561	49.6624407474	36.3626192912
562	49.6067236922	36.3619824508
563	49.6075262388	36.3169186483
564	49.5518430343	36.3162569214
565	49.4961616816	36.3155692686
566	49.4413789893	36.2697949117
567	49.3857335352	36.2690566260
568	49.3866601942	36.2239966949
569	49.4440572840	36.1346104133
570	49.4449460910	36.0895481961
571	49.5013214994	36.0451922070
572	49.5021748048	36.0001281127
573	49.4467177954	35.9994226864
574	49.3912627485	35.9986916358
575	49.3921771435	35.9536295449
576	49.3367556133	35.9528741161
577	49.3376993949	35.9078129078
578	49.2823113722	35.9070331864
579	49.2269255120	35.9062279339
580	49.1715418839	35.9053971534
581	49.1161605576	35.9045408484
582	49.1150911667	35.9495966694
583	49.0596808222	35.9487133914
584	49.0585775958	35.9937673924
585	49.0031382440	35.9928570593
586	48.9477014138	35.9919211284
587	48.9465326947	36.0369717246
588	48.8910669441	36.0360086182
589	48.8898640461	36.0810572593
590	48.9453613784	36.0820219487
591	48.9997190521	36.1280123542
592	48.9985742516	36.1730633778
593	48.9430109306	36.1721212797
594	48.9418317873	36.2171703859
595	48.9406500231	36.2622191191
596	48.8850256615	36.2612480798
597	48.8838093369	36.3062948476
598	48.8281557452	36.3052963308
599	48.7725049280	36.3042719324
600	48.7737851016	36.2592284754
601	48.7181690446	36.2581799185
602	48.7194782235	36.2131377996
603	48.6638969137	36.2120651710
604	48.6652349566	36.1670244287
605	48.6096883806	36.1659278152
606	48.5555432912	36.1197679764
607	48.6124188832	36.0758487769
608	48.5569386405	36.0747301027
609	48.5583308965	36.0296918432
610	48.5597200663	35.9846531982
611	48.5611061567	35.9396141681
612	48.6164919792	35.9407273422
613	48.5624891748	35.8945747530
614	48.6178436630	35.8956860979
615	48.6191923507	35.8506444710
616	48.6745185634	35.8517285449
617	48.6758330592	35.8066847524
618	48.7311309833	35.8077416366
619	48.7864317520	35.8087731103
620	48.7876810478	35.7637255003
621	48.8429534396	35.7647299033
622	48.8994128851	35.7206576768
623	48.9005946131	35.6756060521
624	48.9558102145	35.6765565578
625	48.9017737214	35.6305540558
626	48.8465916917	35.6295798617
627	48.7926505999	35.5835313040
628	48.7375048748	35.5825083009
629	48.7387711889	35.5374605027
630	48.6836590737	35.5364140276
631	48.6823619627	35.5814600957
632	48.6272219319	35.5803866927
633	48.6258910809	35.6254306087
634	48.5720848507	35.5792880961
635	48.5169507873	35.5781643103
636	48.5155582387	35.6232045544
637	48.4603964229	35.6220536856
638	48.4618198101	35.5770153398
639	48.4066919870	35.5758411891
640	48.4081429832	35.5308043943
641	48.3530491388	35.5296070475
642	48.3545276078	35.4845718413
643	48.4110353368	35.4407296398
644	48.3560028008	35.4395362448
645	48.3574747250	35.3945002584
646	48.3024760031	35.3932838310
647	48.3039751436	35.3482494668
648	48.2490102212	35.3470100924
649	48.2505364431	35.3019773876
650	48.2520592835	35.2569442894
651	48.2535787498	35.2119107982
652	48.2550948494	35.1668769143
653	48.2002544958	35.1656209407
654	48.1987082017	35.2106527393
655	48.1438410872	35.2093698550
656	48.1422611058	35.2543991300
657	48.1406776163	35.2994280074
658	48.1390906108	35.3444564867
659	48.1375000817	35.3894845678
660	48.1359060211	35.4345122502
661	48.0792623230	35.4782187747
662	48.0776305257	35.5232434747
663	48.0759951054	35.5682677726
664	48.0208912701	35.5669174980
665	48.0192214408	35.6119391631
666	47.9623861604	35.6555804624
667	47.9037462278	35.7442073919
668	47.8467524615	35.7877853519
669	47.6810354746	35.7833209626
670	47.5686410357	35.8252183243
671	47.4561351812	35.8670034984
672	47.2329275543	35.9052528957
673	47.1201561770	35.9467049649
674	47.0626106334	35.9898749302
675	47.0050025699	36.0330130206
676	46.9496403187	36.0311527717
677	46.8942831766	36.0292670488
678	46.8365601064	36.0723159668
679	46.7811820779	36.0703761421
680	46.7787743322	36.1153325953
681	46.7763612467	36.1602885712
682	46.7739428091	36.2052440693
683	46.8294151872	36.2071934468
684	46.8825322477	36.2540785595
685	46.8801663985	36.2990394484
686	46.9357125910	36.3009437864
687	46.9912639624	36.3028224001
688	47.0468204426	36.3046752818
689	47.1046210119	36.2615293415
690	47.1601557715	36.2633277932
691	47.2156954188	36.2651005329
692	47.2690960514	36.3118293407
693	47.3225602654	36.3585376119
694	47.3204388068	36.4035213255
695	47.3183126385	36.4485045924
696	47.3718952024	36.4951968832
697	47.3697917070	36.5401820472
698	47.3140461301	36.5384697850
699	47.3119057683	36.5834517097
700	47.3097606537	36.6284331861
701	47.3076107754	36.6734142136
702	47.3054561225	36.7183947918
703	47.2495861216	36.7166451766
704	47.1937209780	36.7148694130
705	47.1378607631	36.7130675083
706	47.1356039478	36.7580389598
707	47.0797162972	36.7562079441
708	47.0820055486	36.7112394699
709	47.0238337301	36.7543507596
710	46.9655970027	36.7974293359
711	46.9072952471	36.8404750680
712	46.9048928261	36.8854329323
713	46.9024850702	36.9303903208
714	46.9000719669	36.9753472332
715	46.8440420613	36.9733958000
716	46.8415907783	37.0183490671
717	46.7830438895	37.0613176437
718	46.7805487522	37.1062667297
719	46.7780480722	37.1512153300
720	46.7755418367	37.1961634441
721	46.7730300329	37.2411110712
722	46.7142625885	37.2840312294
723	46.7117063038	37.3289746008
724	46.7091443382	37.3739174800
725	46.6502321905	37.4167962699
726	46.5912531042	37.4596410996
727	46.5322069587	37.5024518363
728	46.5295211934	37.5473825825
729	46.4703682035	37.5901551094
730	46.4676367141	37.6350813602
731	46.4648991513	37.6800070985
732	46.5187182838	37.7271004895
733	46.5726053410	37.7741732706
734	46.6318618564	37.7313556968
735	46.6884424959	37.7334427207
736	46.7450289375	37.7355026800
737	46.8041610407	37.6925900589
738	46.8582189264	37.7395413706
739	46.9148223232	37.7415200853
740	46.9123449008	37.7864715241
741	46.9689879006	37.7884262860
742	47.0256363392	37.7903538983
743	47.0822901410	37.7922543529
744	47.1389492305	37.7941276420
745	47.1956135321	37.7959737578
746	47.2545555942	37.7528230350
747	47.3111959170	37.7546118975
748	47.4244914065	37.7581081584
749	47.4811464219	37.7598155423
750	47.5378061836	37.7614957525
751	47.5944706157	37.7631487818
752	47.6511396424	37.7647746235
753	47.7058142903	37.8113647769
754	47.8192431749	37.8144854869
755	47.8173085161	37.8594815891
756	47.8740638101	37.8610035104
757	47.9289532549	37.9074986583
758	47.9270790017	37.9524987691
759	47.8683374669	37.9959966076
760	47.8664201684	38.0409934527
761	47.8644985942	38.0859898701
762	47.8625727342	38.1309858596
763	47.8606425781	38.1759814207
764	47.8016751658	38.2194349281
765	47.7446466104	38.2178656490
766	47.6876225272	38.2162687222
767	47.6306029939	38.2146441545
768	47.5735880880	38.2129919527
769	47.5144289395	38.2562913044
770	47.4573885325	38.2545811131
771	47.4003529975	38.2528432646
772	47.3433224121	38.2510777660
773	47.3410635047	38.2960481297
774	47.2840029152	38.2942521104
775	47.2246132904	38.3373925092
776	47.1675279286	38.3355381688
777	47.1104478521	38.3336561202
778	47.0533731385	38.3317463713
779	46.9938239341	38.3747604006
780	46.9367250696	38.3727921245
781	46.8796318148	38.3707961281
782	46.8225442475	38.3687724199
783	46.7654624455	38.3667210084
784	46.7057252187	38.4095766760
785	46.6486200615	38.4074665079
786	46.5915209171	38.4053286185
787	46.5344278631	38.4031630167
788	46.5316551136	38.4480870170
789	46.4145679183	38.4885820516
790	46.3545322677	38.5312384363
791	46.2973587972	38.5289511294
792	46.2401918521	38.5266360241
793	46.1830315104	38.5242931301
794	46.1258778499	38.5219224573
795	46.1289098177	38.4770250616
796	46.0717981155	38.4746304499
797	46.0748584618	38.4297363327
798	46.0177886852	38.4273178757
799	46.0208772550	38.3824270723
800	45.9638493712	38.3799848632
801	45.9099799860	38.3326315411
802	45.8561803421	38.2852580376
803	45.7992432072	38.2827411059
804	45.7390642372	38.3250686651
805	45.6821066845	38.3224926507
806	45.6251564415	38.3198891262
807	45.5682135848	38.3172581025
808	45.5112781908	38.3145995906
809	45.5648528821	38.3621170030
810	45.5078826918	38.3594542371
811	45.4509200589	38.3567639503
812	45.4474821477	38.4016136946
813	45.3904923120	38.3988915516
814	45.3335102052	38.3961418666
815	45.2765359039	38.3933646512
816	45.2195694846	38.3905599169
817	45.1056605983	38.3848679384
818	44.9917841575	38.3790660260
819	44.9348582948	38.3761238747
820	44.8779407722	38.3731542763
821	44.8248517353	38.3253577072
822	44.7679857449	38.3223380769
823	44.7641310515	38.3671327877
824	44.7072390053	38.3640809225
825	44.6503556031	38.3610016603
826	44.5934809207	38.3578950139
827	44.5895136834	38.4026742997
828	44.5366150338	38.3547609962
829	44.4797580181	38.3515996201
830	44.4757215683	38.3963688541
831	44.4188389250	38.3931750421
832	44.3619653254	38.3899538550
833	44.3051008452	38.3867053061
834	44.3009515424	38.4314584166
835	44.2926252647	38.5209624680
836	44.2884482455	38.5657134064
837	44.3454516068	38.5689827263
838	44.3413002149	38.6137381469
839	44.2800663354	38.6552131028
840	44.2758614000	38.6999618584
841	44.2716471144	38.7447098839
842	44.2674234561	38.7894571781
843	44.3204043756	38.8375044065
844	44.3161972755	38.8822554814
845	44.2589479310	38.8789495680
846	44.1974206890	38.9203556250
847	44.1931238097	38.9650946785
848	44.1888173661	39.0098329882
849	44.1271288718	39.0511875992
850	44.0697660972	39.0477766728
851	44.0653690510	39.0925027129
852	44.0609622145	39.1372279920
853	44.0035377949	39.1337781908
854	43.9990853212	39.1784972393
855	43.9946229311	39.2232155175
856	43.9371367276	39.2197266534
857	43.9326284410	39.2644386340
858	43.9281101109	39.3091498346
859	43.8659974983	39.3503265548
860	43.8614228397	39.3950306009
861	43.8038126541	39.3914630449
862	43.7991915771	39.4361606583
863	43.8568379846	39.4397338561
864	43.8522429079	39.4844363190
865	43.7899184954	39.5255534855
866	43.7852664402	39.5702486965
867	43.7275212676	39.5666301030
868	43.6650511162	39.6076660313
869	43.6603051188	39.6523481460
870	43.6555485333	39.6970294398
871	43.5977147254	39.6933366062
872	43.5398916118	39.6896152585
873	43.5350510333	39.7342840356
874	43.4772020443	39.7305282760
875	43.4723139351	39.7751902933
876	43.4674149182	39.8198514630
877	43.4625049665	39.8645117835
878	43.3995986514	39.9053630600
879	43.3946297242	39.9500156819
880	43.3316012922	39.9908184727
881	43.2684986506	40.0315794841
882	43.2155381755	39.9830342685
883	43.1523840095	40.0237254745
884	43.0943438638	40.0197553289
885	43.0363152756	40.0157564452
886	42.9782983258	40.0117288406
887	42.9255807287	39.9630713259
888	42.8676242288	39.9589927420
889	42.8096795794	39.9548855333
890	42.8150291158	39.9102962509
891	42.7571331896	39.9061669260
892	42.6992492444	39.9020090555
893	42.6938261529	39.9465853113
894	42.6359175356	39.9423923333
895	42.5835176162	39.8936077480
896	42.5256700923	39.8893643468
897	42.5311909934	39.8448069788
898	42.4733923319	39.8405418060
899	42.4156060186	39.8362482207
900	42.3578321324	39.8319262413
901	42.2944037823	39.8721061801
902	42.2366185468	39.8677205894
903	42.2423219571	39.8231971730
904	42.3000707524	39.8275758859
905	42.3057251379	39.7830445772
906	42.2480127042	39.7786727334
907	42.1903129030	39.7742725942
908	42.1960272701	39.7297540376
909	42.1383764007	39.7253325691
910	42.1441142314	39.6808199235
911	42.1498393360	39.6363062436
912	42.0922733700	39.6318705161
913	42.0980217358	39.5873627685
914	42.0405044680	39.5829059398
915	41.9830000194	39.5784210638
916	41.9255084672	39.5739081594
917	41.9313515414	39.5294205001
918	41.8739087163	39.5248867148
919	41.8164789100	39.5203249822
920	41.7590621990	39.5157353213
921	41.7016586600	39.5111177515
922	41.6442683695	39.5064722920
923	41.5868914037	39.5017989624
924	41.5929351198	39.4573536018
925	41.5356070395	39.4526597984
926	41.4782924036	39.4479382068
927	41.4209912880	39.4431888466
928	41.4271277638	39.3987646021
929	41.3698755545	39.3939949887
930	41.3760337027	39.3495770906
931	41.3188303339	39.3447873196
932	41.3126369837	39.3891976891
933	41.2554121268	39.3843727233
934	41.2491698195	39.4287743542
935	41.2429136905	39.4731748150
936	41.2366437062	39.5175741031
937	41.2303598329	39.5619722162
938	41.2240620369	39.6063691518
939	41.1666741624	39.6014783320
940	41.1603268215	39.6458664176
941	41.2177502844	39.6507649074
942	41.2114245412	39.6951594804
943	41.2688976939	39.7000377060
944	41.2625937008	39.7444387405
945	41.2562757253	39.7888385971
946	41.3138345217	39.7937040751
947	41.3075384919	39.8381103740
948	41.3651472255	39.8429553615
949	41.3588732954	39.8873680762
950	41.3525854343	39.9317796247
951	41.4040147951	39.9810295256
952	41.3977353099	40.0254463090
953	41.4492598062	40.0746882388
954	41.5070916566	40.0794861590
955	41.5008573218	40.1239156697
956	41.5587396066	40.1286926434
957	41.5525280822	40.1731284775
958	41.6104608696	40.1778844068
959	41.6684074022	40.1826117982
960	41.6745454672	40.1381611481
961	41.7324688852	40.1428526391
962	41.7904058563	40.1475155958
963	41.8483563013	40.1521499985
964	41.9063201408	40.1567558275
965	41.9642972954	40.1613330631
966	41.9583434664	40.2058199892
967	42.0163708031	40.2103757359
968	42.0685183168	40.2594028767
969	42.1207400620	40.3084143594
970	42.1730362646	40.3574100574
971	42.2370350565	40.3173528809
972	42.2894318713	40.3663048213
973	42.3476490402	40.3707088566
974	42.4058790113	40.3750839690
975	42.4641217034	40.3794301398
976	42.4584511841	40.4239755926
977	42.5167440742	40.4282995647
978	42.5110985241	40.4728507822
979	42.5054403531	40.5174010007
980	42.5581882702	40.5662653705
981	42.5525426806	40.6108203372
982	42.6110119730	40.6151130206
983	42.6053917823	40.6596737070
984	42.6639116898	40.6639438221
985	42.5997590090	40.7042334040
986	42.5941136216	40.7487921099
987	42.5298336681	40.7890302235
988	42.4712245097	40.7846812241
989	42.4126281965	40.7803028432
990	42.3540448117	40.7758950997
991	42.3482208343	40.8204245435
992	42.3423838129	40.8649529545
993	42.3365337146	40.9094803306
994	42.3952321525	40.9139087590
995	42.3894074621	40.9584420113
996	42.3306705061	40.9540066699
997	42.3247941542	40.9985319702
998	42.2660317731	40.9940601379
999	42.3189046257	41.0430562294
1000	42.3130018869	41.0875794454
1001	42.3718549017	41.0920355805
1002	42.3659777741	41.1365647008
1003	42.4248828369	41.1409980615
1004	42.4190314899	41.1855330569
1005	42.4779886677	41.1899435422
1006	42.5369589021	41.1943242196
1007	42.5311726309	41.2388718922
1008	42.5901949950	41.2432295283
1009	42.5844349637	41.2877829806
1010	42.5786619808	41.3323354251
1011	42.5728760131	41.3768868596
1012	42.5670770273	41.4214372822
1013	42.5020455453	41.4615949903
1014	42.4961807476	41.5061365428
1015	42.5554398675	41.5105350835
1016	42.6089136613	41.5594576354
1017	42.5437502325	41.5996288129
1018	42.5378856521	41.6441741456
1019	42.5320078511	41.6887184543
1020	42.4666579917	41.7288288568
1021	42.4072125655	41.7243655987
1022	42.4012278559	41.7688940154
1023	42.3952296464	41.8134213832
1024	42.4547554906	41.8178985346
1025	42.5142947816	41.8223452152
1026	42.5797247773	41.7822133227
1027	42.6334133506	41.8311470855
1028	42.6987890499	41.7909405757
1029	42.7583408184	41.7952584585
1030	42.7525846447	41.8398268381
1031	42.8121898417	41.8441208721
1032	42.8718079533	41.8483843191
1033	42.8774831764	41.8038026413
1034	42.9370735882	41.8080289034
1035	42.9966767032	41.8122245877
1036	42.9910825639	41.8568193770
1037	43.0507388841	41.8609909503
1038	43.0562924322	41.8163896755
1039	43.1159206859	41.8205241483
1040	43.1104077616	41.8651318618
1041	43.1755613749	41.8246279878
1042	43.2352144096	41.8287011758
1043	43.2297828299	41.8733216261
1044	43.2894888411	41.8773704424
1045	43.3492070503	41.8813885241
1046	43.3438448352	41.9260206158
1047	43.4036160260	41.9300141574
1048	43.4633992660	41.9339768815
1049	43.4581068714	41.9786204584
1050	43.5179430969	41.9825584738
1051	43.5126798306	42.0272072915
1052	43.5074046345	42.0718552221
1053	43.5620893228	42.1204276664
1054	43.6168567979	42.1689803376
1055	43.6116286864	42.2136377911
1056	43.6063887036	42.2582943678
1057	43.6612988718	42.3068374497
1058	43.7214727665	42.3106935476
1059	43.7162926908	42.3553604189
1060	43.7765202521	42.3591911682
1061	43.8367594992	42.3629905490
1062	43.8316516990	42.4076684329
1063	43.8265322758	42.4523454669
1064	43.8817785406	42.5008072689
1065	43.9371094533	42.5492484045
1066	43.8766781346	42.5454884895
1067	43.8715661074	42.5901688638
1068	43.8111039596	42.5863714537
1069	43.7506535589	42.5825424165
1070	43.7454448207	42.6272100791
1071	43.7402242092	42.6718768757
1072	43.8007597324	42.6757178336
1073	43.7955699200	42.7203897355
1074	43.7903682664	42.7650607766
1075	43.7297472400	42.7612078644
1076	43.6638388978	42.8019812990
1077	43.5978447664	42.8427098837
1078	43.5317647194	42.8833934629
1079	43.4710635575	42.8793948631
1080	43.4103748451	42.8753643854
1081	43.3496986780	42.8713020480
1082	43.3441477467	42.9159264984
1083	43.2834412690	42.9118259634
1084	43.2170978957	42.9523042982
1085	43.1563740761	42.9481335773
1086	43.0899145728	42.9885277733
1087	43.0291738375	42.9842867389
1088	42.9625983536	43.0245964362
1089	42.9567370281	43.0691780691
1090	42.8959366810	43.0648599103
1091	42.8351498200	43.0605098017
1092	42.8291887002	43.1050770047
1093	42.7683722735	43.1006881748
1094	42.7623542922	43.1452475630
1095	42.7015083732	43.1408199250
1096	42.6406763013	43.1363603003
1097	42.5736966448	43.1764063483
1098	42.5675210407	43.2209429302
1099	42.5613313225	43.2654784530
1100	42.4941500263	43.3054612980
1101	42.4268817162	43.3453968216
1102	42.4205621223	43.3899149951
1103	42.4142280672	43.4344320805
1104	42.4753221042	43.4390371277
1105	42.4690173756	43.4835602469
1106	42.4626982046	43.5280822837
1107	42.4563645523	43.5726032359
1108	42.4500163791	43.6171231012
1109	42.3823394983	43.6570011061
1110	42.3210400497	43.6523278461
1111	42.3145741239	43.6968311302
1112	42.3080933611	43.7413332998
1113	42.2467201394	43.7366130141
1114	42.1787774293	43.7763465982
1115	42.1173899081	43.7715538540
1116	42.1107458784	43.8160317229
1117	42.0493291640	43.8111989771
1118	42.0426253723	43.8556682284
1119	42.1040865930	43.8605084381
1120	42.0974120104	43.9049839973
1121	42.1589331761	43.9097989859
1122	42.2138691949	43.9590704803
1123	42.2072536258	44.0035585650
1124	42.2006228329	44.0480455079
1125	42.2623091689	44.0528170830
1126	42.2557082406	44.0973102516
1127	42.2490921056	44.1418022845
1128	42.2424607218	44.1862931791
1129	42.2976968418	44.2355509429
1130	42.3595948684	44.2402858201
1131	42.3530240561	44.2847891081
1132	42.3464380722	44.3292912722
1133	42.4084426524	44.3340075325
1134	42.4018873203	44.3785158555
1135	42.3332204215	44.4182922197
1136	42.3265886701	44.4627909982
1137	42.3199415780	44.5072886434
1138	42.3132791024	44.5517851529
1139	42.3755140391	44.5565379468
1140	42.4377642986	44.5612572117
1141	42.4311792028	44.6057672113
1142	42.3688825189	44.6010406575
1143	42.2999078295	44.6407747548
1144	42.2931989459	44.6852678425
1145	42.2308401082	44.6804593390
1146	42.2240690176	44.7249438579
1147	42.1616792334	44.7200942449
1148	42.0924250841	44.7596793074
1149	42.1548457267	44.7645701196
1150	42.1479963670	44.8090448216
1151	42.2104796798	44.8139094162
1152	42.2036613445	44.8583904505
1153	42.1411311099	44.8535183482
1154	42.1342499107	44.8979906969
1155	42.0716886362	44.8930772090
1156	42.1273527247	44.9424618651
1157	42.0577839507	44.9820031883
1158	41.9951445782	44.9770405811
1159	41.9881207294	45.0214941210
1160	41.9254504382	45.0164898861
1161	41.9183629405	45.0609344966
1162	41.9810805459	45.0659464496
1163	42.0438145328	45.0709243792
1164	42.0368054351	45.1153831725
1165	42.0996032097	45.1203346823
1166	42.1554870652	45.1697248852
1167	42.0926254111	45.1647999097
1168	42.0856313531	45.2092639412
1169	42.0786209897	45.2537267741
1170	42.1415782972	45.2586669598
1171	42.2675415368	45.2684444075
1172	42.3305472524	45.2732816225
1173	42.3935688875	45.2780844672
1174	42.4566063331	45.2828529185
1175	42.5196594805	45.2875869534
1176	42.5827282206	45.2922865492
1177	42.5760866885	45.3368077127
1178	42.6392192616	45.3414800545
1179	42.6326106613	45.3860073245
1180	42.6259865995	45.4305334909
1181	42.6826408628	45.4797178902
1182	42.7459501333	45.4843425134
1183	42.7393927287	45.5288808131
1184	42.6694128130	45.5687790948
1185	42.6627755185	45.6133080454
1186	42.5926328158	45.6531476856
1187	42.7196281048	45.6624891719
1188	42.7765792744	45.7116485744
1189	42.8401650404	45.7162390208
1190	42.8336293413	45.7607861029
1191	42.8270782737	45.8053321072
1192	42.9544942656	45.8144359312
1193	43.0118081431	45.8635010222
1194	43.0756039762	45.8679718366
1195	43.1969587242	45.9213930657
1196	43.3309361707	45.8855019307
1197	43.3948058606	45.8897960559
1198	43.5286047241	45.8536583632
1199	43.6563434710	45.8619857121
1200	43.7899392269	45.8255251135
1201	43.8538067280	45.8295584787
1202	43.9233749997	45.7888968317
1203	43.9872191816	45.7928531698
1204	44.0454899802	45.8414458750
1205	44.1204704885	45.7559808757
1206	44.1843038445	45.7598249283
1207	44.3120090778	45.7674067395
1208	44.3811901442	45.7264414199
1209	44.4502707563	45.6854283255
1210	44.6416953996	45.6962882416
1211	44.7055277564	45.6998373493
1212	44.7693719902	45.7033509955
1213	44.7004821193	45.7445693145
1214	44.6954245707	45.7893004933
1215	44.6263713837	45.8304652199
1216	44.6212392284	45.8751892854
1217	44.6109384818	45.9646350173
1218	44.4774324209	46.0020734963
1219	44.4721493209	46.0467830486
1220	44.4026014569	46.0877850106
1221	44.3383618759	46.0840423620
1222	44.3329511848	46.1287387034
1223	44.2631983412	46.1696439517
1224	44.1933427630	46.2105005798
1225	44.1289881509	46.2066324500
1226	44.1233842880	46.2513084119
1227	44.1822248364	46.2998636404
1228	44.1766460662	46.3445438674
1229	44.1710540396	46.3892232232
1230	44.1064927519	46.3853310260
1231	44.0362356582	46.4260689839
1232	43.9658746228	46.4667575639
1233	43.8954094843	46.5073965884
1234	43.8895549444	46.5520478291
1235	43.8836864635	46.5966981507
1236	44.0132626000	46.6047254109
1237	44.0837826904	46.5640154833
1238	44.1485525860	46.5679319033
1239	44.2133359350	46.5718118915
1240	44.2781326150	46.5756554282
1241	44.3374412133	46.6241553764
1242	44.3319267985	46.6688474067
1243	44.3263992201	46.7135385836
1244	44.3208584389	46.7582289056
1245	44.3153044157	46.8029183710
1246	44.3097371110	46.8476069783
1247	44.3041564852	46.8922947258
1248	44.2985624984	46.9369816120
1249	44.2333285457	46.9331269720
1250	44.2929551107	46.9816676353
1251	44.2873342821	47.0263527941
1252	44.2816999721	47.0710370868
1253	44.2760521404	47.1157205117
1254	44.2106031551	47.1118418499
1255	44.1451678592	47.1079260419
1256	44.1393983571	47.1525964802
1257	44.2048876864	47.1565183752
1258	44.2647157490	47.2050847517
1259	44.3302866551	47.2089382039
1260	44.3246523844	47.2536250089
1261	44.3846979306	47.3021389838
1262	44.3790911736	47.3468300142
1263	44.3076680661	47.3876802314
1264	44.3734709067	47.3915201870
1265	44.3678370889	47.4362095005
1266	44.3019793208	47.4323635693
1267	44.2962768536	47.4770460364
1268	44.2905606230	47.5217276311
1269	44.2848305870	47.5664083516
1270	44.2790867038	47.6110881964
1271	44.2733289310	47.6557671638
1272	44.3394632929	47.6596431233
1273	44.3337473011	47.7043272476
1274	44.2675572265	47.7004452520
1275	44.2013811263	47.6965253231
1276	44.1293218922	47.7372324217
1277	44.1234103701	47.7818964593
1278	44.1896840144	47.7858666367
1279	44.2501580958	47.8344742257
1280	44.1779301314	47.8752043724
1281	44.1720317919	47.9198718943
1282	44.1661191286	47.9645385165
1283	44.2326320369	47.9684952271
1284	44.2991591787	47.9724136537
1285	44.2933453972	48.0170916493
1286	44.3599433277	48.0209778208
1287	44.3541722293	48.0656609937
1288	44.3483870808	48.1103432931
1289	44.3425878388	48.1550247174
1290	44.2699484131	48.1957947928
1291	44.1971944287	48.2365131287
1292	44.1912376741	48.2811796346
1293	44.1852663757	48.3258452375
1294	44.1792804881	48.3705099355
1295	44.1061949145	48.4111548715
1296	44.0940337079	48.5004671697
1297	44.0206863425	48.5410451934
1298	44.0145100981	48.5856926684
1299	43.9472224831	48.5815704885
1300	43.9409726616	48.6262105887
1301	43.9347075085	48.6708497381
1302	44.0021121297	48.6749848036
1303	43.9958903107	48.7196294601
1304	43.9221310151	48.7601251772
1305	43.8546243016	48.7559378911
1306	43.8482539171	48.8005676343
1307	43.9158195782	48.8047614630
1308	43.9834007642	48.8089159414
1309	43.9771329406	48.8535577624
1310	44.0447886963	48.8576793013
1311	44.1124597410	48.8617613851
1312	44.1801459319	48.8658039916
1313	44.2478471262	48.8698070992
1314	44.3155631807	48.8737706865
1315	44.3832939520	48.8776947319
1316	44.4510392966	48.8815792145
1317	44.5129917725	48.9301148392
1318	44.4392909108	48.9709477555
1319	44.5013341387	49.0194937001
1320	44.5692877394	49.0233168985
1321	44.5634974503	49.0680110193
1322	44.5576928399	49.1127042828
1323	44.6257812279	49.1164995383
1324	44.6200227260	49.1611978914
1325	44.6142499586	49.2058953945
1326	44.6767474920	49.2543650415
1327	44.7393668495	49.3028054519
1328	44.6652522957	49.3437676304
1329	44.5910153234	49.3846768734
1330	44.5851705436	49.4293701017
1331	44.5793112230	49.4740624702
1332	44.5047993192	49.5149047985
1333	44.4988489618	49.5595893969
1334	44.5616455482	49.6081344000
1335	44.6245662655	49.6566499600
1336	44.6992131351	49.6157350278
1337	44.7680186418	49.6194743333
1338	44.7622873246	49.6641810699
1339	44.7565416889	49.7088869706
1340	44.8311694084	49.6678854908
1341	44.8944449829	49.7162666173
1342	44.8197888406	49.7573081170
1343	44.8140771936	49.8020181884
1344	44.8774984292	49.8504141804
1345	44.9466598100	49.8540598733
1346	44.9410457970	49.8987798288
1347	45.0102844297	49.9023901207
1348	45.0795369915	49.9059592507
1349	45.0740356752	49.9506897052
1350	45.1379139496	49.9989584441
1351	45.2073210635	50.0024561914
1352	45.2019196565	50.0471961543
1353	45.1965046574	50.0919353422
1354	45.1910760218	50.1366737536
1355	45.2606887436	50.1401465346
1356	45.3250013905	50.1883262844
1357	45.3894430057	50.2364744063
1358	45.4540139976	50.2845907146
1359	45.4487899102	50.3293476624
1360	45.5135426302	50.3774364882
1361	45.5083573892	50.4221972189
1362	45.5732930173	50.4702582894
1363	45.6434400444	50.4735172500
1364	45.6383599056	50.5182868904
1365	45.5629882108	50.5597865253
1366	45.5578161715	50.6045495494
1367	45.4874845978	50.6012327719
1368	45.4822332245	50.6459898114
1369	45.5526309837	50.6493118426
1370	45.5474326036	50.6940734037
1371	45.5422209873	50.7388342315
1372	45.5369960908	50.7835943247
1373	45.6076067291	50.7868895975
1374	45.6024354054	50.8316541815
1375	45.5972508811	50.8764180385
1376	45.6628782369	50.9244493508
1377	45.7337164811	50.9276747168
1378	45.7286403644	50.9724474272
1379	45.7945376913	51.0204120751
1380	45.7895034234	51.0651884361
1381	45.7184491089	51.0619907134
1382	45.6422246427	51.1035153738
1383	45.6370281141	51.1482800712
1384	45.7082055320	51.1515311456
1385	45.7030640128	51.1963002885
1386	45.6318182442	51.1930440428
1387	45.6265949881	51.2378072875
1388	45.6927412908	51.2858364220
1389	45.7590252087	51.3338317826
1390	45.6823653585	51.3753696779
1391	45.6771573258	51.4201352237
1392	45.7487608971	51.4233738916
1393	45.7436088709	51.4681438771
1394	45.8152951940	51.4713440358
1395	45.8101995279	51.5161184109
1396	45.8050906873	51.5608920806
1397	45.7332648521	51.5576817042
1398	45.6614524148	51.5544275179
1399	45.6561903538	51.5991901642
1400	45.5843215613	51.5958869254
1401	45.5789757682	51.6406435714
1402	45.6509146705	51.6439520826
1403	45.6456253183	51.6887132718
1404	45.7176482252	51.6919830673
1405	45.7124156730	51.7367487495
1406	45.7071695387	51.7815137102
1407	45.7019097758	51.8262779484
1408	45.6296747794	51.8229924518
1409	45.6243302817	51.8677507118
1410	45.5466085347	51.9091678735
1411	45.5411648027	51.9539193161
1412	45.5357068863	51.9986700101
1413	45.4632148387	51.9952744787
1414	45.4576709943	52.0400189860
1415	45.5302347367	52.0434199542
1416	45.5247483046	52.0881691471
1417	45.5973982581	52.0915309543
1418	45.5919696080	52.1362847823
1419	45.6647058710	52.1396072776
1420	45.7374561434	52.1428850533
1421	45.8102202390	52.1461180897
1422	45.8049945857	52.1908869444
1423	45.8778448107	52.1940803365
1424	45.9557891528	52.1524498666
1425	45.9608565108	52.1076701622
1426	46.0335885567	52.1107639021
1427	46.1063336328	52.1138128974
1428	46.1014111172	52.1586024554
1429	46.1693787974	52.2064052236
1430	46.2422946257	52.2093741818
1431	46.2374920623	52.2541720022
1432	46.3104933990	52.2571007150
1433	46.2326768993	52.2989691676
1434	46.2278490927	52.3437656772
1435	46.1547139702	52.3407823866
1436	46.1596150645	52.2959906640
1437	46.0865660630	52.2929670935
1438	46.0135300845	52.2898984744
1439	45.9405073184	52.2867848254
1440	45.8623041632	52.3283980226
1441	45.7892353319	52.3251892254
1442	45.7161803279	52.3219353843
1443	45.7108264544	52.3666961523
1444	45.6377123173	52.3633919883
1445	45.6322710394	52.4081467185
1446	45.5590978680	52.4047920978
1447	45.4859391912	52.4013923503
1448	45.4127951988	52.3979474967
1449	45.4071193312	52.4426850961
1450	45.3339168874	52.4391895506
1451	45.2607295593	52.4356488696
1452	45.2548917886	52.4803743868
1453	45.1816463570	52.4767828307
1454	45.1084164743	52.4731461110
1455	45.1024162016	52.5178592123
1456	45.0964001352	52.5625714898
1457	45.0903682198	52.6072829420
1458	45.0843203998	52.6519935673
1459	45.0782566194	52.6967033640
1460	45.0721768224	52.7414123305
1461	45.0660809525	52.7861204652
1462	44.9861615338	52.8270982415
1463	44.9123704959	52.8233230218
1464	44.9060923101	52.8680173902
1465	44.8322429356	52.8641903412
1466	44.8258730082	52.9088776780
1467	44.7455033562	52.9496788711
1468	44.6715376646	52.9457477616
1469	44.5909594147	52.9864373946
1470	44.5843119190	53.0311030360
1471	44.5102303978	53.0270673300
1472	44.5034895955	53.0717255379
1473	44.4293503472	53.0676373327
1474	44.4225158454	53.1122880054
1475	44.3483189976	53.1081471671
1476	44.3552292152	53.0635031668
1477	44.2880937555	53.0146848342
1478	44.2811263960	53.0593230660
1479	44.2070420857	53.0550970561
1480	44.2140848345	53.0104656284
1481	44.1400945520	53.0062006122
1482	44.0661231031	53.0018898122
1483	43.9921706822	52.9975332549
1484	43.9182374835	52.9931309674
1485	43.8369050098	53.0332792981
1486	43.8443237008	52.9886829768
1487	43.7629358537	53.0287783940
1488	43.6889865703	53.0242317701
1489	43.6813979172	53.0688124516
1490	43.6073936647	53.0642127392
1491	43.5334097434	53.0595672915
1492	43.5256505664	53.1041319822
1493	43.4516120851	53.0994332720
1494	43.5178707924	53.1486955452
1495	43.5100703484	53.1932579776
1496	43.5022491609	53.2378192767
1497	43.4944071563	53.2823794397
1498	43.5687688122	53.2870624612
1499	43.6354406100	53.3362734591
1500	43.5609820510	53.3316290464
1501	43.4865442605	53.3269384637
1502	43.4121274359	53.3222017405
1503	43.3296954738	53.3619614168
1504	43.3377317743	53.3174189062
1505	43.2633574725	53.3125899908
1506	43.2714483229	53.2680540859
1507	43.1971714102	53.2631869708
1508	43.1229161726	53.2582739074
1509	43.0486828052	53.2533149262
1510	42.9744715024	53.2483100581
1511	42.9828429607	53.2038047405
1512	42.9911922391	53.1592981745
1513	42.9995194160	53.1147903635
1514	42.9255557735	53.1097639598
1515	42.8516143470	53.1046919466
1516	42.7776953281	53.0995743553
1517	42.7862244935	53.0550897374
1518	42.7124025858	53.0499348870
1519	42.7037989078	53.0944112173
1520	42.6299252770	53.0892025646
1521	42.5472989948	53.1284066287
1522	42.4733970540	53.1230985255
1523	42.4822471453	53.0786488437
1524	42.4910738778	53.0341978018
1525	42.5735564626	52.9950280055
1526	42.4998773334	52.9897454035
1527	42.4350754723	52.9399723103
1528	42.3704209668	52.8901698034
1529	42.3793018743	52.8457304312
1530	42.3881594574	52.8012896823
1531	42.3969937972	52.7568475604
1532	42.3237511973	52.7514724392
1533	42.3326350955	52.7070375382
1534	42.3414957284	52.6626012542
1535	42.2684215719	52.6571986075
1536	42.2773312942	52.6127695693
1537	42.2043526986	52.6073309608
1538	42.2133111462	52.5629092068
1539	42.1404279494	52.5574347900
1540	42.1494347601	52.5130203582
1541	42.1584180851	52.4686045062
1542	42.0857016132	52.4631032143
1543	42.0130087261	52.4575576405
1544	42.0311899618	52.3687568432
1545	41.9677889236	52.3187910993
1546	41.9768911989	52.2743959403
1547	41.9045292122	52.2687976655
1548	41.9136782321	52.2244099500
1549	41.8414103127	52.2187767295
1550	41.7691662770	52.2130997000
1551	41.7784317120	52.1687284785
1552	41.7155928984	52.1186530990
1553	41.6435366915	52.1129068320
1554	41.5620542158	52.1514623201
1555	41.5525792138	52.1958060968
1556	41.4804324527	52.1899541716
1557	41.4083104433	52.1840586085
1558	41.3362133581	52.1781194427
1559	41.3458971730	52.1338037126
1560	41.2641413692	52.1721367093
1561	41.1920946481	52.1661104437
1562	41.1200733662	52.1600406815
1563	41.1101558993	52.2043260996
1564	41.1002127371	52.2486098464
1565	41.0902437916	52.2928919175
1566	41.0079748952	52.3310201718
1567	40.9357269506	52.3248243454
1568	40.9255661994	52.3690834321
1569	40.9153790533	52.4133407904
1570	40.9051654217	52.4575964155
1571	40.8949252137	52.5018503024
1572	40.8846583377	52.5461024464
1573	40.9572577252	52.5523476801
1574	40.9470349004	52.5966080161
1575	41.0197317779	52.6028190980
1576	41.0823479055	52.6532643704
1577	41.0095533550	52.6470875930
1578	41.0722142372	52.6975409911
1579	41.0620540618	52.7418159079
1580	40.9891166401	52.7356194225
1581	40.9788581636	52.7798827473
1582	40.9685728175	52.8241443389
1583	40.9582605083	52.8684041925
1584	41.0314135727	52.8746303873
1585	41.0211464461	52.9188984405
1586	41.1045935165	52.8808120084
1587	41.1778001596	52.8869490182
1588	41.1676777923	52.9312367516
1589	41.0841771395	52.9693661552
1590	41.0739286724	53.0136406613
1591	41.0533507112	53.1021845144
1592	41.0430210279	53.1464538516
1593	41.1166649561	53.1526499930
1594	41.1063815324	53.1969275223
1595	41.0960709357	53.2412033340
1596	41.1596254845	53.2916581291
1597	41.1493344282	53.3359404062
1598	41.1390160976	53.3802209710
1599	41.1286703964	53.4244998184
1600	41.1182972278	53.4687769437
1601	41.0441069948	53.4625564536
1602	41.0336313365	53.5068218549
1603	40.9699445176	53.4562904134
1604	40.8958099846	53.4499788620
1605	40.8323751074	53.3993850391
1606	40.8217035837	53.4436218385
1607	40.8002754858	53.5320900036
1608	40.7787333169	53.6205508881
1609	40.7679192027	53.6647785868
1610	40.6825481944	53.7025400147
1611	40.6716006711	53.7467536315
1612	40.6080492414	53.6960297666
1613	40.6190430169	53.6518247399
1614	40.5556882856	53.6010828385
1615	40.5666986476	53.5568845398
1616	40.4924834159	53.5503145023
1617	40.4294278255	53.4995199224
1618	40.3553459168	53.4928696312
1619	40.2812936505	53.4861740104
1620	40.2185943210	53.4352842589
1621	40.1446757829	53.4285089564
1622	40.0707873355	53.4216885179
1623	39.9969291621	53.4148229855
1624	40.0084431646	53.3707048565
1625	39.9346888339	53.3638053093
1626	39.9231014453	53.4079124014
1627	39.9114834230	53.4520174187
1628	39.8998346591	53.4961203547
1629	39.8258904786	53.4891424836
1630	39.7519773361	53.4821195093
1631	39.7637732757	53.4380389420
1632	39.7755381103	53.3939562482
1633	39.7018028549	53.3869107649
1634	39.6280987821	53.3798204012
1635	39.5544260721	53.3726852006
1636	39.5424418380	53.4167338985
1637	39.4687277579	53.4095424372
1638	39.4566387850	53.4535774493
1639	39.3828835574	53.4463296128
1640	39.2968933368	53.4830464922
1641	39.2845938098	53.5270537693
1642	39.2722617594	53.5710587606
1643	39.2598970713	53.6150614590
1644	39.2474996306	53.6590618575
1645	39.2350693218	53.7030599490
1646	39.3092334109	53.7104228768
1647	39.2968442505	53.7544304461
1648	39.2844221723	53.7984357182
1649	39.2101096353	53.7910491824
1650	39.1358303243	53.7836173079
1651	39.1232263318	53.8275965268
1652	39.0489061674	53.8201073827
1653	39.0361942104	53.8640722401
1654	38.9490131435	53.9004760828
1655	38.8746119893	53.8928720560
1656	38.7872417200	53.9291461759
1657	38.7128350569	53.9214391592
1658	38.6997225024	53.9653478318
1659	38.6252762590	53.9575830687
1660	38.6120542184	54.0014767838
1661	38.5375686433	53.9936541611
1662	38.4497120964	54.0296521965
1663	38.4362699907	54.0735156149
1664	38.5108693289	54.0814088398
1665	38.5855043387	54.0892565603
1666	38.5721762487	54.1331426057
1667	38.4840273793	54.1691531565
1668	38.4705525987	54.2130214084
1669	38.3957281149	54.2050901381
1670	38.3209398706	54.1971132082
1671	38.2598881403	54.1452607452
1672	38.2735517678	54.1014281358
1673	38.2126878355	54.0495634079
1674	38.2263532239	54.0057382858
1675	38.2399823547	53.9619104775
1676	38.1656756922	53.9538615049
1677	38.1793425053	53.9100438668
1678	38.1929731373	53.8662235333
1679	38.1188499892	53.8581552435
1680	38.1325178957	53.8143450858
1681	38.2065677154	53.8224005129
1682	38.1461496979	53.7705322239
1683	38.2201263662	53.7785748143
1684	38.2336492157	53.7347464458
1685	38.2471363892	53.6909154158
1686	38.2605880117	53.6470817329
1687	38.1868297409	53.6390774972
1688	38.1131070867	53.6310286564
1689	38.1266680553	53.5872178618
1690	38.0530533921	53.5791373305
1691	37.9794745696	53.5710123587
1692	37.9059317609	53.5628429958
1693	37.8921545708	53.6066149967
1694	37.8185761271	53.5983882301
1695	37.7450341690	53.5901171071
1696	37.6715288688	53.5818016780
1697	37.5980603979	53.5734419935
1698	37.6121241110	53.5297226336
1699	37.6261509726	53.4860004032
1700	37.5528619546	53.4776231330
1701	37.5669230655	53.4339113110
1702	37.5809474115	53.3901966104
1703	37.5949351196	53.3464790402
1704	37.6088863161	53.3027586095
1705	37.6228011268	53.2590353273
1706	37.6366796769	53.2153092026
1707	37.5638501419	53.2069675184
1708	37.5777624036	53.1632517369
1709	37.5916384888	53.1195331048
1710	37.6054785214	53.0758116310
1711	37.5467673204	53.0237548579
1712	37.4881943183	52.9716783129
1713	37.5020646234	52.9279746530
1714	37.4297589457	52.9195821666
1715	37.4436618670	52.8758888607
1716	37.4575288648	52.8321926804
1717	37.3714606353	52.8674665890
1718	37.3132988222	52.8153317491
1719	37.2412379338	52.8068370063
1720	37.1692133458	52.7982994787
1721	37.1833160482	52.7546536970
1722	37.1113954881	52.7460869060
1723	37.0395114208	52.7374774926
1724	37.0537125137	52.6938557031
1725	36.9819322614	52.6852172860
1726	36.9101886908	52.6765364092
1727	36.8384819571	52.6678131235
1728	36.7523432073	52.7026146304
1729	36.6951796192	52.6502395295
1730	36.7096780240	52.6066830577
1731	36.6381491157	52.5978466984
1732	36.5666575345	52.5889681957
1733	36.5812511430	52.5454363003
1734	36.6526766131	52.5543009228
1735	36.5958074301	52.5019012382
1736	36.5098630265	52.5365296463
1737	36.5244851491	52.4930084979
1738	36.4532002474	52.4840738378
1739	36.3966686478	52.4316009318
1740	36.3402676808	52.3791110894
1741	36.2692260369	52.3700792053
1742	36.2130576469	52.3175451246
1743	36.1982221179	52.3610057277
1744	36.1272560712	52.3518907087
1745	36.0563280436	52.3427342007
1746	35.9703708472	52.3769507360
1747	36.0262841842	52.4295884689
1748	35.9552651172	52.4203618286
1749	35.8842846172	52.4110936875
1750	35.8133428304	52.4017840990
1751	35.7980693234	52.4451628407
1752	35.7271019627	52.4357972941
1753	35.6561737355	52.4263903490
1754	35.5852847868	52.4169420594
1755	35.5697790014	52.4602733888
1756	35.6407322652	52.4697363862
1757	35.5542337147	52.5036011612
1758	35.4832556787	52.4940820220
1759	35.4123174732	52.4845215312
1760	35.4279912801	52.4412234036
1761	35.3414192421	52.4749197436
1762	35.3256413147	52.5181993100
1763	35.3808499742	52.5711069025
1764	35.3650560164	52.6143941233
1765	35.2939647502	52.6047474402
1766	35.2780658456	52.6480159806
1767	35.1909464695	52.6815625371
1768	35.2621263466	52.6912808223
1769	35.2461461179	52.7345419534
1770	35.2301250238	52.7777993622
1771	35.3014756687	52.7875063029
1772	35.2854787766	52.8307751133
1773	35.3569356824	52.8404554291
1774	35.4284334980	52.8500939278
1775	35.3409632821	52.8837356283
1776	35.2694408897	52.8740402063
1777	35.2533618708	52.9173015699
1778	35.1818151800	52.9075491351
1779	35.1656292526	52.9507915349
1780	35.1494017711	52.9940301524
1781	35.2210798844	53.0038130613
1782	35.2048766391	53.0470631650
1783	35.2766624358	53.0568193012
1784	35.1886317062	53.0903094911
1785	35.1723449452	53.1335520276
1786	35.1560162150	53.1767907621
1787	35.1396453738	53.2200256825
1788	35.0676361443	53.2101660761
1789	35.0511563848	53.2533817418
1790	34.9791231064	53.2434644174
1791	34.9625341343	53.2866606975
1792	34.8904770988	53.2766855659
1793	34.8737786201	53.3198623292
1794	34.8016981216	53.3098293015
1795	34.7127861777	53.3428954040
1796	34.6407261657	53.3327621613
1797	34.6237412732	53.3758836532
1798	34.5516586902	53.3656923394
1799	34.6067125181	53.4190010738
1800	34.6618997686	53.4722952703
1801	34.7342038856	53.4824337246
1802	34.7172210333	53.5255747718
1803	34.7896363625	53.5356865762
1804	34.7726769065	53.5788394208
1805	34.8282679855	53.6320890588
1806	34.7386257992	53.6651329999
1807	34.7215338470	53.7082737080
1808	34.6488479785	53.6980983302
1809	34.5589345325	53.7309848257
1810	34.5416173278	53.7740853125
1811	34.6143943506	53.7843355435
1812	34.5971002285	53.8274479615
1813	34.5797610293	53.8705562354
1814	34.5623765985	53.9136603515
1815	34.6180429713	53.9670319698
1816	34.6911846454	53.9772604631
1817	34.6738472789	54.0203884820
1818	34.7471035129	54.0305897729
1819	34.8204050740	54.0407476998
1820	34.8031612456	54.0839036654
1821	34.8593584659	54.1372019791
1822	34.8420940149	54.1803657731
1823	34.9156957995	54.1904845514
1824	34.8984562810	54.2336602486
1825	34.8247841672	54.2235254858
1826	34.8074287650	54.2666811036
1827	34.7900276500	54.3098326128
1828	34.6987427332	54.3427531775
1829	34.6811789126	54.3858802540
1830	34.6635687410	54.4290031480
1831	34.5719080141	54.4618023684
1832	34.4979509048	54.4514389193
1833	34.5157493387	54.4083528838
1834	34.4419099523	54.3979619490
1835	34.4240408900	54.4410315620
1836	34.3501781306	54.4305803601
1837	34.3681176565	54.3875272305
1838	34.2943726107	54.3770487920
1839	34.2025950176	54.4095466792
1840	34.1288749821	54.3989643287
1841	34.0369351902	54.4313205091
1842	33.9632413098	54.4206342315
1843	33.8895958032	54.4099044369
1844	33.8159988271	54.3991311906
1845	33.7424505373	54.3883145583
1846	33.6689510888	54.3774546057
1847	33.5955006361	54.3665513988
1848	33.5220993331	54.3556050039
1849	33.4298768347	54.3874566472
1850	33.4109568725	54.4302930315
1851	33.3919872756	54.4731246241
1852	33.3184785598	54.4620399808
1853	33.2993901381	54.5048493397
1854	33.2802515902	54.5476538398
1855	33.3538984917	54.5587733691
1856	33.3347789597	54.6015904889
1857	33.3156091030	54.6444027515
1858	33.2418234218	54.6332481977
1859	33.2225334525	54.6760380222
1860	33.2031926592	54.7188229215
1861	33.2771177166	54.7300126392
1862	33.3702948929	54.6983387354
1863	33.4442517345	54.7094237388
1864	33.5182591156	54.7204650825
1865	33.4991984410	54.7633200257
1866	33.5733266776	54.7743350048
1867	33.6664248671	54.7424165201
1868	33.7405829215	54.7533264787
1869	33.8147908831	54.7641925075
1870	33.7960131589	54.8071165430
1871	33.7771856559	54.8500359151
1872	33.7583081996	54.8929506078
1873	33.8327799091	54.9038241117
1874	33.9073017327	54.9146533700
1875	33.8885176198	54.9575977599
1876	33.9818735080	54.9254383153
1877	34.0750855100	54.8931957852
1878	34.1496845048	54.9038749557
1879	34.1311662603	54.9468749989
1880	34.1125986813	54.9898705197
1881	34.0939815939	55.0328615024
1882	34.1688474638	55.0435469829
1883	34.1502535464	55.0865504018
1884	34.2066716725	55.1402239527
1885	34.3002802948	55.1078209774
1886	34.3937422812	55.0753349342
1887	34.4688057308	55.0858411996
1888	34.4505049921	55.1289119550
1889	34.4321552148	55.1719783139
1890	34.4137562245	55.2150402610
1891	34.3953078458	55.2580977812
1892	34.3768099025	55.3011508592
1893	34.2827549219	55.3335922542
1894	34.2640827578	55.3766194534
1895	34.3210169103	55.4302832861
1896	34.2453603272	55.4196421289
1897	34.2265874500	55.4626602652
1898	34.1509067234	55.4519566193
1899	34.1697543149	55.4089555649
1900	34.1130703872	55.3552351427
1901	34.0376402141	55.3444751415
1902	33.9432414196	55.3766241125
1903	33.9241707835	55.4195735434
1904	33.9996982188	55.4304131898
1905	33.9806506176	55.4733752297
1906	33.9615517040	55.5163325919
1907	33.9424012940	55.5592852600
1908	33.9990769696	55.6130967878
1909	33.9798981974	55.6560574056
1910	33.9606675410	55.6990133161
1911	33.9413848134	55.7419645028
1912	33.8458703062	55.7739776133
1913	33.9026623931	55.8278526386
1914	33.8832223222	55.8707895543
1915	33.8637294239	55.9137216794
1916	33.8441835068	55.9566489970
1917	33.8245843788	55.9995714902
1918	33.7480238408	55.9885501230
1919	33.6715170413	55.9774826688
1920	33.5751820618	56.0092335075
1921	33.6318515579	56.0632420412
1922	33.6119377074	56.1061143097
1923	33.5919695224	56.1489816095
1924	33.5719468052	56.1918439231
1925	33.4951105919	56.1806408530
1926	33.3980978595	56.2122127003
1927	33.3212952224	56.2008990209
1928	33.3009313960	56.2436969014
1929	33.3574686223	56.2978397435
1930	33.3370705877	56.3406455720
1931	33.2395052251	56.3720595389
1932	33.2189175919	56.4148366882
1933	33.1417851885	56.4033851311
1934	33.0647096383	56.3918871549
1935	33.0439105619	56.4346220975
1936	33.0230544728	56.4773517135
1937	33.0021411627	56.5200759835
1938	32.9811704222	56.5627948884
1939	32.9601420409	56.6055084088
1940	32.9390558074	56.6482165253
1941	32.9179115094	56.6909192182
1942	32.9955323560	56.7025476681
1943	33.0941987962	56.6713891067
1944	33.1718573001	56.6829051183
1945	33.1509488971	56.7256638942
1946	33.2287442275	56.7371515164
1947	33.2078573078	56.7799235749
1948	33.1869125964	56.8226903312
1949	33.2649248086	56.8341679786
1950	33.1448489414	56.9082078598
1951	33.2019817467	56.9624922239
1952	33.1808840663	57.0052563193
1953	33.2592755114	57.0167611273
1954	33.3377256861	57.0282182929
1955	33.4370897184	56.9968078112
1956	33.5155755580	57.0081509811
1957	33.5941193389	57.0194463429
1958	33.5734266928	57.0623031603
1959	33.5526762710	57.1051548208
1960	33.6314413134	57.1164390281
1961	33.5318678568	57.1480013055
1962	33.5110012328	57.1908425954
1963	33.4321305592	57.1794733443
1964	33.4111233179	57.2222908467
1965	33.3900572412	57.2651030751
1966	33.4690924797	57.2765095143
1967	33.5481867918	57.2878676667
1968	33.6064632128	57.3420401533
1969	33.6649062667	57.3961959534
1970	33.7443437327	57.4074455879
1971	33.7235167816	57.4503348886
1972	33.7822955897	57.5044567792
1973	33.8620191002	57.5156455656
1974	33.9211107271	57.5697195449
1975	34.0010367263	57.5808284702
1976	34.0810213208	57.5918881432
1977	34.1814988875	57.5599096615
1978	34.2615142465	57.5708525371
1979	34.3213246113	57.6247708763
1980	34.4015415178	57.6356327691
1981	34.5821511140	57.6141291485
1982	34.6624531403	57.6248241989
1983	34.7428118675	57.6354694574
1984	34.8232270825	57.6460648489
1985	34.9232969772	57.6134569314
1986	34.9428396512	57.5702990217
1987	35.0231922558	57.5807597426
1988	35.0037369474	57.6239349889
1989	34.9842261186	57.6671057321
1990	35.0648095084	57.6775510750
1991	35.0453309509	57.7207346408
1992	34.9450370402	57.7534336422
1993	35.0257966565	57.7639137096
1994	35.1066123322	57.7743434658
1995	35.0871107379	57.8175353690
1996	35.0675531895	57.8607227812
1997	35.1486026648	57.8711367404
1998	35.2297081955	57.8815000920
1999	35.2102733074	57.9247176298
2000	35.2721235404	57.9782778421
2001	35.1712354545	58.0111393542
2002	35.0898606864	58.0007240446
2003	34.9887590817	58.0334271840
2004	34.9689184735	58.0765918882
2005	34.9490205875	58.1197519994
2006	34.9290651993	58.1629075003
2007	34.9908221632	58.2166122893
2008	34.9508042062	58.3029354785
2009	34.9307080602	58.3460901231
2010	34.8284177838	58.3786152380
2011	34.8081126011	58.4217427082
2012	34.7054878990	58.4541532632
2013	34.6849720819	58.4972532446
2014	34.7468414737	58.5510966413
2015	34.6437608033	58.5834387509
2016	34.6230648664	58.6265242389
2017	34.6850320245	58.6804074755
2018	34.6643081356	58.7235014233
2019	34.6435234757	58.7665905083
2020	34.5396735292	58.7988173202
2021	34.4567308903	58.7879078200
2022	34.3949764031	58.7339172216
2023	34.3122507768	58.7229222772
2024	34.2082751194	58.7548674805
2025	34.1255813530	58.7437503600
2026	34.0213905839	58.7755308352
2027	33.9997676899	58.8184749043
2028	34.0609906397	58.8726390759
2029	33.9780814503	58.8614137264
2030	33.9563316128	58.9043472811
2031	33.8733932772	58.8930510830
2032	33.7905192145	58.8817030521
2033	33.7685194715	58.9245931408
2034	33.7464551746	58.9674778309
2035	33.7243260665	59.0103571013
2036	33.7021318885	59.0532309309
2037	33.6798723804	59.0960992985
2038	33.7632131701	59.1075434150
2039	33.8686911935	59.0760284154
2040	33.9520685829	59.0873488737
2041	33.9300912470	59.1302749396
2042	34.0136280646	59.1415621768
2043	34.0972297532	59.1527969506
2044	34.1591390538	59.2069570479
2045	34.1373175559	59.2499296889
2046	34.1154313208	59.2928970788
2047	34.1556746536	59.3900405568
2048	34.1336894086	59.4330111942
2049	34.2180629899	59.4442016730
2050	34.2806461039	59.4983423433
2051	34.3652482474	59.5094451393
2052	34.4281907518	59.5635305480
2053	34.4499156565	59.5204944187
2054	34.5130217765	59.5745450506
2055	34.4913305994	59.6175949052
2056	34.5763257698	59.6285744328
2057	34.6398286649	59.6825823582
2058	34.7250535692	59.6934726151
2059	34.7035314962	59.7365686184
2060	34.8529911829	59.8013519799
2061	34.9386118776	59.8121164425
2062	34.8315411330	59.8444753042
2063	34.8958500361	59.8983953074
2064	34.8743718157	59.9415273343
2065	34.7884459257	59.9307070232
2066	34.7668002273	59.9738153779
2067	34.8528283689	59.9846543976
2068	34.9389221488	59.9954384900
2069	35.0036782044	60.0493269112
2070	35.0900057915	60.0600193987
2071	35.0686410564	60.1031923825
2072	35.0472110724	60.1463604826
2073	35.1338117847	60.1570346868
2074	35.1124206931	60.2002164449
2075	35.0909640737	60.2433933263
2076	35.1778398195	60.2540490112
2077	35.1564226329	60.2972395666
2078	35.2434695483	60.3078579620
2079	35.2220923444	60.3510621802
2080	35.3093109821	60.3616430764
2081	35.3965952690	60.3721678554
2082	35.4839449213	60.3826364320
2083	35.5713596535	60.3930487210
2084	35.6588391789	60.4034046376
2085	35.6379306907	60.4466956166
2086	35.7463832094	60.4137040976
2087	35.8339914555	60.4239470169
2088	35.8546203618	60.3806154888
2089	35.8751857062	60.3372794618
2090	35.7877926236	60.3270723489
2091	35.8084018293	60.2837496758
2092	35.9161267864	60.2505939834
2093	35.9365030572	60.2072445683
2094	35.9568168357	60.1638907264
2095	35.9770683858	60.1205324755
2096	36.0639905837	60.1305948537
2097	36.0840741644	60.0872146885
2098	36.1709518618	60.0972035369
2099	36.2777007108	60.0637171072
2100	36.3842371775	60.0301358951
2101	36.4905613149	59.9964602313
2102	36.5773619824	60.0061732583
2103	36.6642219504	60.0158301449
2104	36.7511409293	60.0254308133
2105	36.8190690044	60.0785042722
2106	36.9062125688	60.0880088735
2107	36.9934145156	60.0974569363
2108	37.0122490177	60.0538947377
2109	37.0310257288	60.0103286897
2110	37.1366820127	59.9761011146
2111	37.2236761890	59.9853869995
2112	37.3107271269	59.9946163873
2113	37.3290671058	59.9509940633
2114	37.3473509000	59.9073680589
2115	37.3655787468	59.8637383884
2116	37.2788495341	59.8545572320
2117	37.2971283274	59.8109399056
2118	37.3153513539	59.7673189015
2119	37.2288907381	59.7581136449
2120	37.2471640761	59.7145049810
2121	37.3516310442	59.6800659178
2122	37.3696881732	59.6364339667
2123	37.4558869940	59.6455355484
2124	37.4737840720	59.6018841819
2125	37.5599320358	59.6109141995
2126	37.5776696356	59.5672435994
2127	37.5094154919	59.5145707625
2128	37.6129836358	59.4798918718
2129	37.6305604848	59.4362107715
2130	37.6480841967	59.3925261981
2131	37.7337621716	59.4014228728
2132	38.0086855204	59.6114776527
2133	38.0950470308	59.6201564311
2134	38.0779450971	59.6639191638
2135	38.1474182191	59.7163313285
2136	38.1303188037	59.7601025778
2137	38.0263246860	59.7951875449
2138	38.0090122706	59.8389370235
2139	37.9221152992	59.8301822018
2140	37.8176905008	59.8650862165
2141	37.8871144359	59.9176404188
2142	37.8695332171	59.9613644167
2143	37.9567550391	59.9701653314
2144	37.9392285415	60.0139013475
2145	38.2187426360	59.9962263938
2146	38.2358881485	59.9524413314
2147	38.3232142115	59.9609991869
2148	38.4105927162	59.9694999536
2149	38.4274669046	59.9256817335
2150	38.5147879087	59.9341105299
2151	38.6021605157	59.9424821925
2152	38.6187639411	59.8986313504
2153	38.6353163118	59.8547774302
2154	38.7225209892	59.8630627510
2155	38.7389133726	59.8191912507
2156	38.8260592335	59.8274050672
2157	38.8422922445	59.7835161656
2158	38.9293788600	59.7916586339
2159	39.0165149791	59.7997440721
2160	39.0324800592	59.7558237855
2161	39.0483961699	59.7119006142
2162	39.0642635194	59.6679745691
2163	39.0800823143	59.6240456612
2164	39.1668319452	59.6320179460
2165	39.0958527603	59.5801139014
2166	39.0092594425	59.5720989103
2167	38.9227145875	59.5640273520
2168	38.9386519772	59.5201208070
2169	38.8522631237	59.5120069118
2170	38.8682589057	59.4681115950
2171	38.8842060496	59.4242133519
2172	38.8140840667	59.3721845078
2173	38.7281119162	59.3640008133
2174	38.7441738752	59.3201250687
2175	38.7601872184	59.2762463599
2176	38.8459483861	59.2844016818
2177	38.9475123146	59.2485913383
2178	39.0332640083	59.2566209883
2179	38.9788788784	59.1607630593
2180	38.9944912147	59.1168446395
2181	39.0799283013	59.1248326414
2182	39.0953893155	59.0808975689
2183	39.1108037795	59.0369597021
2184	39.1960789504	59.0448646968
2185	39.2814002022	59.0527142149
2186	39.3667672441	59.0605081950
2187	39.3818230686	59.0165268476
2188	39.4671311347	59.0242518432
2189	39.4820374787	58.9802544711
2190	39.5672861919	58.9879106353
2191	39.6525794439	58.9955112607
2192	39.7524656748	58.9590168698
2193	39.6672326250	58.9514848913
2194	39.5967567391	58.8998815878
2195	39.5820436372	58.9438974049
2196	39.4968990032	58.9362544698
2197	39.5117158942	58.8922518490
2198	39.5264883367	58.8482466183
2199	39.5412165146	58.8042387871
2200	39.6406318174	58.7678187113
2201	39.7254066476	58.7753539675
2202	39.8102248143	58.7828340755
2203	39.8950860291	58.7902589774
2204	39.9799900029	58.7976286157
2205	40.0649364456	58.8049429332
2206	40.0508725965	58.8490305999
2207	40.1499250661	58.8122018731
2208	40.1638430410	58.7680992887
2209	40.1068756677	58.6726656266
2210	40.1207718786	58.6285684508
2211	40.2053474229	58.6357774667
2212	40.2899641644	58.6429314094
2213	40.3746218146	58.6500302239
2214	40.3881683953	58.6058937495
2215	40.4016745303	58.5617550188
2216	40.7136556963	58.6778731087
2217	40.7267890662	58.6336886403
2218	40.7398831521	58.5895020341
2219	40.8115431843	58.6404992273
2220	40.8245338494	58.5963008787
2221	40.9092233811	58.6030444540
2222	40.9220719266	58.5588323815
2223	41.0066965512	58.5655091038
2224	41.0913592657	58.5721305441
2225	41.0787177758	58.6163655890
2226	41.0660383359	58.6605986187
2227	41.1509466698	58.6671874529
2228	41.2233841389	58.7179744475
2229	41.2108377882	58.7622262025
2230	41.1982536094	58.8064759781
2231	41.1002654502	58.8441450740
2232	41.0874994271	58.8883794423
2233	41.0020663322	58.8817332923
2234	40.9891558475	58.9259540820
2235	40.8906004258	58.9634473660
2236	40.8643705365	59.0518551585
2237	40.9371215302	59.1028165155
2238	40.8379811503	59.1402544832
2239	40.8247262252	59.1844509512
2240	40.8114309192	59.2286452795
2241	40.8976791491	59.2354413719
2242	40.9108666249	59.1912351936
2243	40.9970471006	59.1979628055
2244	40.9839676248	59.2421807395
2245	41.0702960344	59.2488633287
2246	41.1695270368	59.2112479242
2247	41.1823508699	59.1670047414
2248	41.2685415179	59.1735506998
2249	41.3421635391	59.2243058839
2250	41.4410384944	59.1864723229
2251	41.4285397189	59.2307495485
2252	41.5149540978	59.2371362677
2253	41.5273441962	59.1928478846
2254	41.6259314770	59.1548652296
2255	41.7122036290	59.1611160001
2256	41.7985127150	59.1673098646
2257	41.8848584186	59.1734467735
2258	41.8967394662	59.1291111488
2259	41.9830126414	59.1351804295
2260	41.9712404230	59.1795266779
2261	42.0576584102	59.1855495292
2262	42.0459595111	59.2299045781
2263	42.1325226143	59.2358807863
2264	42.2191212126	59.2417997487
2265	42.2076061963	59.2861739380
2266	42.2943500422	59.2920458985
2267	42.2829101021	59.3364287201
2268	42.3697994954	59.3422534635
2269	42.3811288876	59.2978604215
2270	42.4791267557	59.2592126887
2271	42.5658641082	59.2649021973
2272	42.5769040623	59.2204858510
2273	42.6744611663	59.1816802371
2274	42.7610453161	59.1872352105
2275	42.8476624089	59.1927328099
2276	42.8369866471	59.2371799862
2277	42.9237467919	59.2426297253
2278	43.0000525088	59.2924866528
2279	43.0869882240	59.2978306147
2280	43.0765804930	59.3423033224
2281	43.0661407152	59.3867745989
2282	43.0556687530	59.4312444397
2283	43.0451644679	59.4757128399
2284	43.1325801061	59.4810364480
2285	43.2200278712	59.4863018712
2286	43.3075074264	59.4915090665
2287	43.2973096136	59.5360039475
2288	43.2870802130	59.5804974514
2289	43.2768190879	59.6249895737
2290	43.3646708724	59.6301658952
2291	43.3748180644	59.5856646167
2292	43.4625872996	59.5907732684
2293	43.5503875766	59.5958233644
2294	43.5404686580	59.6403426521
2295	43.6284139713	59.6453430037
2296	43.7163897718	59.6502846156
2297	43.8043957137	59.6551674470
2298	43.8924314505	59.6599914575
2299	43.9018922338	59.6154373674
2300	43.9898425618	59.6201940709
2301	44.0685909186	59.6694628568
2302	44.0500426530	59.7586010773
2303	44.1291955393	59.8078405773
2304	44.1199653516	59.8524150497
2305	44.1014181459	59.9415604769
2306	44.0921008734	59.9861314243
2307	44.1810688113	59.9907773412
2308	44.2700656728	59.9953635176
2309	44.3590910963	59.9998899149
2310	44.3680548503	59.9552944048
2311	44.3769905284	59.9106977814
2312	44.4658083348	59.9151484257
2313	44.4745986921	59.8705427564
2314	44.4833615772	59.8259360015
2315	44.4920971102	59.7813281643
2316	44.5805911191	59.7856957300
2317	44.5891830032	59.7410790440
2318	44.6775873554	59.7453795737
2319	44.7660181120	59.7496208013
2320	44.8626911633	59.7091623232
2321	44.8708818299	59.6645209624
2322	44.7909383800	59.6157189784
2323	44.8790470281	59.6198786115
2324	44.9671810339	59.6239791828
2325	44.9752054181	59.5793285679
2326	44.9832049057	59.5346769876
2327	44.9911796049	59.4900244446
2328	45.0789929752	59.4940444553
2329	45.0868284793	59.4493838348
2330	45.0946397564	59.4047222754
2331	45.1024269110	59.3600597795
2332	45.1101900473	59.3153963498
2333	45.1179292685	59.2707319887
2334	45.2051973410	59.2746582872
2335	45.2127998565	59.2299860731
2336	45.2203790028	59.1853129505
2337	45.3074448979	59.1891672791
2338	45.3945337219	59.1929634364
2339	45.4816451345	59.1967013916
2340	45.5687787945	59.2003811143
2341	45.5616508475	59.2450808489
2342	45.6489194530	59.2487087087
2343	45.6559343604	59.2040025747
2344	45.6629277041	59.1592956201
2345	45.7499920436	59.1628525073
2346	45.8370775130	59.1663511752
2347	45.9241837706	59.1697915954
2348	45.9175290686	59.2145170893
2349	45.9982069980	59.2626359239
2350	45.9916248880	59.3073658791
2351	46.0791121670	59.3107073902
2352	46.1666194629	59.3139902644
2353	46.1602454435	59.3587311980
2354	46.2416076975	59.4067070561
2355	46.2353091420	59.4514522711
2356	46.2289910134	59.4961967669
2357	46.3169971689	59.4993848242
2358	46.3107752337	59.5441342707
2359	46.3045339110	59.5888830100
2360	46.2982731160	59.6336310405
2361	46.3804841156	59.6815296457
2362	46.4750409930	59.6398629177
2363	46.5634533665	59.6428896264
2364	46.6518842152	59.6458568147
2365	46.7403331773	59.6487644578
2366	46.8232228435	59.6963919435
2367	46.9118244395	59.6991854038
2368	46.9063477861	59.7439691824
2369	46.9008539570	59.7887523468
2370	46.8953428767	59.8335348958
2371	46.9843164766	59.8362833344
2372	46.9789071077	59.8810701934
2373	46.8842686571	59.9230981437
2374	46.8787053642	59.9678788402
2375	46.8731245126	60.0126589170
2376	46.9625765037	60.0154271406
2377	46.9570985503	60.0602115761
2378	46.9516032600	60.1049954031
2379	46.8619098213	60.1022172067
2380	46.9460905554	60.1497786204
2381	47.0359227786	60.1525010053
2382	47.1310419997	60.1103696443
2383	47.2207865398	60.1129656432
2384	47.3105473521	60.1155008646
2385	47.4003240551	60.1179752867
2386	47.4052136559	60.0731681207
2387	47.4948845163	60.0755773805
2388	47.5845704358	60.0779259080
2389	47.5892025887	60.0331096445
2390	47.5938201287	59.9882928593
2391	47.6832789010	59.9905724197
2392	47.7727518434	59.9927914252
2393	47.8622385774	59.9949498572
2394	47.9558599679	59.9522146766
2395	47.9599682359	59.9073811779
2396	47.9681460736	59.8177127484
2397	47.9722157571	59.7728778185
2398	48.0650679953	59.7300578420
2399	48.1538756212	59.7320132906
2400	48.2426951997	59.7339087419
2401	48.2463842537	59.6890623819
2402	48.3350969144	59.6908945407
2403	48.4272619492	59.6478135361
2404	48.5158783381	59.6495227792
2405	48.6076998065	59.6063125152
2406	48.6962186342	59.6078992198
2407	48.6931418810	59.6527617186
2408	48.7817882983	59.6542913877
2409	48.7847470607	59.6094261595
2410	48.8732847189	59.6108933215
2411	48.9591085808	59.6571710608
2412	48.9563773861	59.7020410427
2413	48.9536376198	59.7469106393
2414	49.0425480724	59.7482654573
2415	49.0451689903	59.7033934385
2416	49.1339687951	59.7046858074
2417	49.2227764293	59.7059181387
2418	49.2251520857	59.6610412304
2419	49.3138485972	59.6622114192
2420	49.3115915212	59.7070904221
2421	49.4004136992	59.7082026476
2422	49.3982685204	59.7530832820
2423	49.3961165976	59.7979635606
2424	49.4851838897	59.7990194944
2425	49.4872164258	59.7541373255
2426	49.5742575802	59.8000151369
2427	49.6633372936	59.8009504795
2428	49.6615379666	59.8458357642
2429	49.7490583897	59.8915988886
2430	49.7507431694	59.8467123700
2431	49.8399536670	59.8475285526
2432	49.9291690818	59.8482843050
2433	49.9277248102	59.8931736483
2434	50.0157368829	59.9387604807
2435	50.0144045177	59.9836504222
2436	50.1039906849	59.9842887277
2437	50.1935806864	59.9848662586
2438	50.1924870162	60.0297580656
2439	50.1027755499	60.0291794939
2440	50.1015565635	60.0740699380
2441	50.1003337085	60.1189600602
2442	50.0991069675	60.1638498606
2443	50.0978763232	60.2087393395
2444	50.0966417580	60.2536284972
2445	50.1869663551	60.2542123156
2446	50.2772944972	60.2547346930
2447	50.3676257906	60.2551956248
2448	50.4579598416	60.2555951072
2449	50.5489136492	60.2110398138
2450	50.6396209218	60.1664217562
2451	50.6401117158	60.1215273162
2452	50.6406009548	60.0766325671
2453	50.7304493615	60.0768461334
2454	50.8202989293	60.0769986820
2455	50.9101492711	60.0770902118
2456	50.9100269570	60.1219857873
2457	51.0000000000	60.1220163524
2458	51.0000000000	60.1669116763
2459	51.0900957458	60.1668810560
2460	51.1801911011	60.1667891952
2461	51.1799456971	60.1218940923
2462	51.1797010707	60.0769986820
2463	51.2691848642	60.0319506902
2464	51.3589113542	60.0317375085
2465	51.4486363031	60.0314634209
2466	51.4492459039	60.0763579849
2467	51.5390908276	60.0760223894
2468	51.5383593256	60.0311284296
2469	51.6280800366	60.0307325377
2470	51.7177980511	60.0302757484
2471	51.8075129838	60.0297580656
2472	51.8064193136	59.9848662586
2473	51.8053290946	59.9399741320
2474	51.8042423114	59.8950816856
2475	51.8935905312	59.8945062279
2476	51.8947980145	59.9393976391
2477	51.9842631171	59.9387604807
2478	51.9855954823	59.9836504222
2479	51.9869320649	60.0285400381
2480	52.0766354436	60.0278397037
2481	52.1679186264	60.0719651514
2482	52.2594457586	60.1160264314
2483	52.2611628058	60.1609109310
2484	52.3512175674	60.1600232090
2485	52.4432347793	60.2039551482
2486	52.3530629864	60.2049057674
2487	52.3549142833	60.2497879855
2488	52.4471902187	60.2937157985
2489	52.3586346171	60.3395514016
2490	52.3605037073	60.3844325999
2491	52.2715806617	60.4302108787
2492	52.1807769296	60.4310464419
2493	52.0899679860	60.4318201407
2494	51.9991542314	60.4325319686
2495	51.9083360660	60.4331819192
2496	51.9095905022	60.4780694736
2497	51.9108489667	60.5229567081
2498	51.9121114778	60.5678436228
2499	51.8209119175	60.5684349082
2500	51.7307220482	60.6138526058
2501	51.7317386651	60.6587409309
2502	51.7327585643	60.7036289426
2503	51.8254939219	60.7479837058
2504	51.7337817607	60.7485166411
2505	51.7348082693	60.7934040267
2506	51.7358381054	60.8382910996
2507	51.8278072127	60.8377562098
2508	51.9197725597	60.8371584078
2509	52.0117337290	60.8364976989
2510	52.1036903034	60.8357740891
2511	52.1956418655	60.8349875847
2512	52.2875879985	60.8341381928
2513	52.2893954700	60.8790173349
2514	52.3814647228	60.8781033898
2515	52.4714623093	60.8322507775
2516	52.5633896540	60.8312127708
2517	52.5655839351	60.8760865474
2518	52.6599637594	60.9198550716
2519	52.6623020420	60.9647261207
2520	52.7546025527	60.9635559965
2521	52.8468950257	60.9623226925
2522	52.8495010848	61.0071889675
2523	52.8521156421	61.0520548758
2524	52.9446601244	61.0507536286
2525	53.0371956440	61.0493889921
2526	53.0400804393	61.0942496222
2527	53.1327373575	61.0928189783
2528	53.2253844182	61.0913248538
2529	53.3180211952	61.0897672624
2530	53.4106472625	61.0881462181
2531	53.5032621944	61.0864617355
2532	53.4997239423	61.0416154222
2533	53.4072396032	61.0432968087
2534	53.3147441799	61.0449148732
2535	53.3114778251	61.0000620803
2536	53.3082220818	60.9552088839
2537	53.3049769012	60.9103552840
2538	53.3017422350	60.8655012810
2539	53.3937193002	60.8638950520
2540	53.3903665556	60.8190435842
2541	53.3870246437	60.7741917053
2542	53.4787342504	60.7725287135
2543	53.5704326620	60.7708031054
2544	53.6621194668	60.7690148964
2545	53.6658454665	60.8138572994
2546	53.7576481748	60.8120031183
2547	53.8494383972	60.8100862544
2548	53.8534330820	60.8549213125
2549	53.8574407245	60.8997559132
2550	53.9494748989	60.8977691230
2551	53.9536246067	60.9425996205
2552	54.0457743345	60.9405461929
2553	54.1379101501	60.9384297918
2554	54.1335025331	60.8936069302
2555	54.2254951623	60.8914315647
2556	54.3174731130	60.8891933789
2557	54.3128229417	60.8443781001
2558	54.4046574931	60.8420813214
2559	54.4964766087	60.8397218771
2560	54.5013833225	60.8845286267
2561	54.5933147538	60.8821021019
2562	54.6852298520	60.8796128401
2563	54.6904095634	60.9244100433
2564	54.7824363404	60.9218533898
2565	54.8744458809	60.9192339301
2566	54.8799000126	60.9640210775
2567	54.9720205813	60.9613339163
2568	54.9776215371	61.0061155419
2569	55.0698529696	61.0033604607
2570	55.0756015805	61.0481364210
2571	55.1679437074	61.0453132009
2572	55.2602666854	61.0424269284
2573	55.2662934544	61.0871917732
2574	55.1797571444	61.1348528656
2575	55.2723398797	61.1319559675
2576	55.3649028682	61.1289958128
2577	55.4574456894	61.1259724283
2578	55.4511393620	61.0812192201
2579	55.5435317861	61.0781382985
2580	55.5499679238	61.1228858413
2581	55.6490564283	61.1644771270
2582	55.6556652279	61.2092174575
2583	55.6622956507	61.2539570696
2584	55.7551668159	61.2507263765
2585	55.7619502605	61.2954593066
2586	55.8549304747	61.2921590726
2587	55.8480158343	61.2474322204
2588	55.9408422829	61.2440746311
2589	55.9338195436	61.1993532008
2590	56.0264924371	61.1959385000
2591	56.1191420245	61.1924605427
2592	56.1118819926	61.1477510046
2593	56.2043779278	61.1442163252
2594	56.2968498304	61.1406185671
2595	56.3043696051	61.1853149846
2596	56.3119139413	61.2300105595
2597	56.4046212186	61.2263362721
2598	56.4123207690	61.2710242321
2599	56.4200455295	61.3157113258
2600	56.3270767530	61.3193991725
2601	56.3346954576	61.3640922062
2602	56.4355711486	61.4050829049
2603	56.4433722431	61.4497673856
2604	56.3500080424	61.4534757161
2605	56.3577021561	61.4981661878
2606	56.3654216407	61.5428558009
2607	56.2717661949	61.5465137974
2608	56.2793775243	61.5912093384
2609	56.2870140274	61.6359040354
2610	56.2005927239	61.6842118337
2611	56.2081448532	61.7289115652
2612	56.2157220706	61.7736104654
2613	56.2233244944	61.8183085318
2614	56.2309522435	61.8630057623
2615	56.1438169542	61.9112848392
2616	56.2462841974	61.9523977064
2617	56.3411844216	61.9487430904
2618	56.4360585067	61.9450232844
2619	56.4281052578	61.9003415073
2620	56.5228156949	61.8965636137
2621	56.6092993436	61.8480522762
2622	56.6174992182	61.8927207205
2623	56.7121553798	61.8888128638
2624	56.7038191520	61.8441517051
2625	56.6011267019	61.8033829128
2626	56.6955106020	61.7994896063
2627	56.6872295998	61.7548265701
2628	56.6789760161	61.7101625993
2629	56.6707497227	61.6654976967
2630	56.6625505920	61.6208318648
2631	56.7563682317	61.6169031912
2632	56.8417192587	61.5682582515
2633	56.9353481953	61.5642087652
2634	56.9268039262	61.5195632046
2635	57.0202718905	61.5154573352
2636	57.1049306087	61.4666563714
2637	57.1982090705	61.4624306855
2638	57.2824431972	61.4135247773
2639	57.4030612390	61.5430022515
2640	57.4965145237	61.5385694050
2641	57.5899370391	61.5340728041
2642	57.6929625627	61.5740927821
2643	57.6833283605	61.5295124900
2644	57.7766880644	61.5248885044
2645	57.8700157280	61.5202008896
2646	57.8601499903	61.4756366055
2647	57.9533138395	61.4708941655
2648	57.9633109294	61.5154496884
2649	58.0464449578	61.4660882970
2650	58.1395429270	61.4612190439
2651	58.1293171567	61.4166800959
2652	58.2222510854	61.4117565806
2653	58.2119286661	61.3672253993
2654	58.2326073300	61.4562864504
2655	58.3256377506	61.4512905615
2656	58.4186337736	61.4462314225
2657	58.5115949848	61.4411090794
2658	58.6045209710	61.4359235787
2659	58.6154331647	61.4804145802
2660	58.7084535975	61.4751562978
2661	58.8014378150	61.4698348395
2662	58.8126466364	61.5143049036
2663	58.9057243862	61.5089103930
2664	58.9171005761	61.5533690169
2665	59.0218159003	61.5923482576
2666	59.1267930890	61.6312422445
2667	59.2201493592	61.6256273473
2668	59.3134666508	61.6199490709
2669	59.3254810164	61.6643618265
2670	59.4067445498	61.6142074674
2671	59.3946390638	61.5698036386
2672	59.3825731982	61.5253981373
2673	59.4755510454	61.5196146052
2674	59.4633951071	61.4752180654
2675	59.3705467703	61.4809909695
2676	59.3585595988	61.4365821414
2677	59.4512788314	61.4308198355
2678	59.4392020362	61.3864199215
2679	59.3466115033	61.3921716590
2680	59.3347023047	61.3477595284
2681	59.3228318247	61.3033457556
2682	59.3109998864	61.2589303466
2683	59.2992063139	61.2145133074
2684	59.2874509321	61.1700946437
2685	59.3675602978	61.1199854176
2686	59.3557548603	61.0755738868
2687	59.3439874860	61.0311607203
2688	59.4236704315	60.9810263110
2689	59.4118540882	60.9366202777
2690	59.5031040022	60.9308495345
2691	59.4912015689	60.8864523206
2692	59.4793372809	60.8420534372
2693	59.4675109665	60.7976528903
2694	59.4557224554	60.7532506860
2695	59.4439715781	60.7088468301
2696	59.4322581663	60.6644413284
2697	59.4205820525	60.6200341870
2698	59.4089430702	60.5756254115
2699	59.3973410541	60.5312150077
2700	59.3857758397	60.4868029814
2701	59.2843408635	60.4480465131
2702	59.1943983529	60.4536433424
2703	59.1831462301	60.4092078786
2704	59.1719296910	60.3647708636
2705	59.1607485782	60.3203323028
2706	59.1496027350	60.2758922015
2707	59.1384920057	60.2314505651
2708	59.1274162357	60.1870073988
2709	59.1163752709	60.1425627078
2710	59.1053689586	60.0981164973
2711	59.0943971466	60.0536687725
2712	59.0834596838	60.0092195384
2713	59.0725564198	59.9647688003
2714	59.1611980367	59.9592810778
2715	59.1502126933	59.9148386018
2716	59.1392616002	59.8703946061
2717	59.0508518920	59.8758628321
2718	59.0400503319	59.8314076121
2719	59.0292823783	59.7869509080
2720	58.9410697259	59.7923408955
2721	58.9304501183	59.7478731549
2722	59.0185478853	59.7424927249
2723	59.0078467077	59.6980330677
2724	59.0957967617	59.6926035275
2725	59.1837133013	59.6871153895
2726	59.1728173308	59.6426735799
2727	59.0742660085	59.6036990014
2728	59.1511263698	59.5537854212
2729	59.0635505408	59.5592445091
2730	59.0528681545	59.5147885371
2731	59.1295690841	59.4648912433
2732	59.1188402107	59.4204419097
2733	59.1952377401	59.3705125252
2734	59.1844632868	59.3260698488
2735	59.1737218714	59.2816256675
2736	59.0868509660	59.2870849892
2737	59.0762532081	59.2426297253
2738	59.0656878800	59.1981729911
2739	59.0551548437	59.1537147911
2740	59.1310837808	59.1038339915
2741	59.1205054561	59.0593823592
2742	59.1099593353	59.0149292512
2743	59.0994452822	58.9704746724
2744	59.0889631614	58.9260186274
2745	59.0029692605	58.9314019724
2746	59.0785128381	58.8815611210
2747	58.9823163245	58.8424667498
2748	58.8965072547	58.8477746550
2749	58.9720367452	58.7979969937
2750	58.9617882498	58.7535258139
2751	59.0370268534	58.7037165750
2752	59.0577070493	58.7926417428
2753	59.1328831195	58.7427774936
2754	59.1224518627	58.6983235775
2755	59.1973392646	58.6484283467
2756	59.1868647280	58.6039809482
2757	59.2614657601	58.5540550809
2758	59.3358560247	58.5040908562
2759	59.3252657177	58.4596580564
2760	59.4100363950	58.4540885314
2761	59.3993733673	58.4096638451
2762	59.3147071168	58.4152237472
2763	59.3041800908	58.3707879334
2764	59.2195865215	58.3762827064
2765	59.2091948963	58.3318359104
2766	59.2832202412	58.2819118110
2767	59.3041800908	58.3707879334
2768	59.3781428064	58.3208098918
2769	59.3675750103	58.2763806345
2770	59.4518982962	58.2707941559
2771	59.4412588807	58.2263730049
2772	59.4306511129	58.1819503210
2773	59.4200748628	58.1375261091
2774	59.4934113871	58.0874973420
2775	59.4827959856	58.0430797058
2776	59.5558587888	57.9930220436
2777	59.5452050097	57.9486109991
2778	59.5345826833	57.9041984038
2779	59.6073048485	57.8541203314
2780	59.5966449362	57.8097143295
2781	59.5860163777	57.7653067680
2782	59.5754190458	57.7208976518
2783	59.6477362681	57.6708076818
2784	59.7305884670	57.6650744666
2785	59.7198556224	57.6206816964
2786	59.6371021544	57.6264051469
2787	59.7091541831	57.5762873395
2788	59.6984840226	57.5318914007
2789	59.6878450152	57.4874938851
2790	59.7702729226	57.4817460733
2791	59.8526695271	57.4759447887
2792	59.8418666677	57.4315653075
2793	59.8310952565	57.3871842125
2794	59.8203551676	57.3428015089
2795	59.8096462760	57.2984172017
2796	59.7989684571	57.2540312961
2797	59.8808499350	57.2482260181
2798	59.8701071609	57.2038483360
2799	59.8593954789	57.1594690420
2800	59.9410544444	57.1536305958
2801	60.0335847617	57.1920988607
2802	60.1152762582	57.1861449319
2803	60.0226821751	57.1477394130
2804	60.0933123162	57.0974444633
2805	60.0009713688	57.0590155622
2806	59.9901629003	57.0146511695
2807	60.0714749141	57.0087373072
2808	60.0606033533	56.9643812346
2809	60.1417898866	56.9584250207
2810	60.1308557527	56.9140773113
2811	60.1199530150	56.8697279276
2812	60.0281757488	56.8313031004
2813	59.9472390514	56.8371772706
2814	59.9365849864	56.7928047391
2815	60.0174284985	56.7869404343
2816	60.0067120213	56.7425761325
2817	59.9960261966	56.6982102004
2818	60.0766535699	56.6923137541
2819	59.9853709047	56.6538426428
2820	60.0659059761	56.6479560770
2821	60.1356015220	56.5976684545
2822	60.0551890480	56.6035967567
2823	60.0445026660	56.5592357983
2824	60.0338467112	56.5148732067
2825	60.0232210653	56.4705089872
2826	60.0126256106	56.4261431445
2827	60.0020602300	56.3817756839
2828	59.9915248071	56.3374066101
2829	59.9810192260	56.2930359282
2830	59.9705433714	56.2486636430
2831	60.0502293528	56.2428140515
2832	60.1298854773	56.2369135678
2833	60.2095115019	56.2309622331
2834	60.1987964855	56.1866178084
2835	60.2783028088	56.1806256467
2836	60.2675288983	56.1362895216
2837	60.2567853356	56.0919517185
2838	60.3360834293	56.0859289299
2839	60.4153510512	56.0798556587
2840	60.4044607901	56.0355362550
2841	60.3936011194	55.9912151385
2842	60.3827719224	55.9468923143
2843	60.4617446754	55.9407990044
2844	59.2832202412	58.2819118110
2845	59.0635896366	58.0704983531
2846	59.0736947731	58.1149631606
2847	59.1576994473	58.1095799490
2848	59.1679372702	58.1540340568
2849	59.1782056002	58.1984867114
2850	59.2623851323	58.1930297272
2851	59.2727871585	58.2374715119
2852	59.2832202412	58.2819118110