0.000
0.000
0.000
0.000
0.000
0.030
0.000
0.000
0.000
0.000
0.000
0.000
0.000
0.500
0.750
0.500
0.250
0.000
0.000
0.000
0.000
0.400
1.000
1.000
1.000
0.600
0.000
0.000
0.000
0.000
0.125
0.750
1.000
1.000
0.400
0.000
0.000
0.000
0.000
0.030
0.850
1.000
0.800
0.030
0.000
0.000
0.000
0.000
0.300
1.000
1.000
1.000
0.200
0.000
0.000
0.300
0.125
0.125
0.970
1.000
1.000
0.400
0.000
0.000
0.300
0.650
0.750
1.000
1.000
1.000
0.300
0.000
0.600
0.060
0.125
0.800
1.000
1.000
1.000
0.500
0.000
0.030
0.000
0.060
0.950
1.000
1.000
1.000
0.600
0.000
0.000
0.000
0.000
0.500
1.000
1.000
1.000
0.800
0.060
0.000
0.000
0.000
0.450
1.000
1.000
1.000
1.000
0.060
0.000
0.000
0.000
0.375
1.000
1.000
1.000
1.000
0.400
0.000
0.000
0.000
0.125
0.750
1.000
1.000
1.000
0.500
0.000
0.000
0.000
0.000
0.125
0.650
0.300
0.125
0.125